0 0.06846153846153845 0.11521634615384616 0.08124999999999999 0.10264423076923078
12 0.21158653846153846 0.11504807692307692 0.12963942307692308 0.10483173076923073
29 0.3584615384615385 0.08877403846153846 0.08937500000000001 0.09278846153846156
30 0.49490384615384614 0.09987980769230768 0.10923076923076923 0.07197115384615384
31 0.6312740384615385 0.08754807692307692 0.09098557692307697 0.0928605769230769
2 0.7532932692307692 0.08766826923076923 0.0856730769230769 0.095625
3 0.8852884615384615 0.0986298076923077 0.10557692307692298 0.0720192307692308
5 0.07264423076923077 0.2901923076923077 0.08963942307692306 0.07019230769230766
11 0.21341346153846155 0.2889423076923077 0.11560096153846154 0.07052884615384616
13 0.3581730769230769 0.2781490384615385 0.08882211538461536 0.09451923076923076
14 0.48548076923076927 0.29040865384615383 0.09040865384615387 0.07055288461538467
15 0.6092067307692308 0.2759855769230769 0.08088942307692303 0.10033653846153848
16 0.7298076923076924 0.30093749999999997 0.09572115384615397 0.09216346153846161
17 0.8577403846153846 0.2789903846153846 0.08338942307692293 0.09112980769230762
18 0.07365384615384615 0.4796634615384615 0.0992067307692308 0.06987980769230767
19 0.2089423076923077 0.4812740384615385 0.0914663461538461 0.0705769230769231
20 0.34153846153846157 0.49201923076923076 0.09350961538461533 0.09209134615384616
24 0.4933894230769231 0.46879807692307696 0.13658653846153845 0.09372596153846156
25 0.6707692307692308 0.4789423076923077 0.14216346153846152 0.11651442307692314
8 0.8110817307692308 0.49935096153846154 0.06348557692307685 0.10925480769230766
9 0.9250240384615385 0.4690865384615384 0.0889423076923077 0.09507211538461541
21 0.10396634615384616 0.6737980769230769 0.1547836538461538 0.0700480769230769
22 0.30149038461538463 0.6841586538461539 0.1601682692307692 0.09430288461538466
10 0.48906249999999996 0.6651682692307692 0.14057692307692313 0.08668269230769245
1 0.6600721153846153 0.6891826923076922 0.1232692307692307 0.10432692307692303
27 0.8081490384615384 0.6856490384615385 0.0929086538461538 0.09725961538461547
28 0.9338461538461539 0.6589182692307692 0.08377403846153851 0.09442307692307686
4 0.0714423076923077 0.8627163461538461 0.0872355769230769 0.06930288461538471
6 0.19634615384615386 0.8477403846153847 0.08396634615384617 0.10009615384615381
7 0.32158653846153845 0.8517788461538461 0.0940625 0.09300480769230755
23 0.4732211538461539 0.8784134615384616 0.12915865384615388 0.10576923076923077
26 0.6148317307692308 0.8753365384615385 0.0834134615384615 0.09709134615384613