0 0.10223557692307693 0.12557692307692309 0.07153846153846155 0.09420673076923076
1 0.22848557692307692 0.1251201923076923 0.1091346153846154 0.09329326923076924
12 0.3780048076923077 0.12622596153846152 0.116875 0.09266826923076922
27 0.5084375 0.12274038461538463 0.08079326923076927 0.0856971153846154
28 0.6191586538461539 0.10072115384615385 0.07598557692307696 0.08408653846153848
29 0.7339903846153846 0.1009375 0.07937499999999996 0.08451923076923076
2 0.8463221153846153 0.10120192307692308 0.0778605769230769 0.08502403846153844
3 0.11228365384615385 0.28185096153846156 0.09163461538461536 0.06454326923076928
6 0.22911057692307693 0.26850961538461543 0.07644230769230773 0.08879807692307692
9 0.3393269230769231 0.27189903846153846 0.07911057692307698 0.08425480769230766
11 0.4645192307692308 0.2817548076923077 0.10322115384615384 0.06432692307692306
15 0.5870432692307692 0.27048076923076925 0.07266826923076927 0.08685096153846153
17 0.689110576923077 0.2723798076923077 0.07449519230769233 0.0823557692307692
20 0.8027403846153847 0.29302884615384617 0.08396634615384603 0.08406249999999993
22 0.1389423076923077 0.4640384615384615 0.14216346153846157 0.08670673076923076
24 0.30514423076923075 0.44259615384615386 0.12249999999999996 0.08627403846153843
8 0.42752403846153847 0.46858173076923076 0.05754807692307692 0.0986538461538462
4 0.5282692307692307 0.4517548076923077 0.08088942307692303 0.06497596153846147
5 0.642860576923077 0.4531971153846154 0.0809374999999999 0.06504807692307693
30 0.7640625000000001 0.45350961538461537 0.097139423076923 0.06536057692307692
31 0.10536057692307692 0.611201923076923 0.08062499999999997 0.08413461538461539
23 0.23502403846153846 0.6358413461538461 0.11370192307692303 0.09382211538461532
26 0.36158653846153843 0.6316826923076923 0.07271634615384616 0.08550480769230781
16 0.476875 0.6317548076923077 0.08550480769230767 0.08560096153846157
25 0.6172115384615384 0.6204326923076924 0.12865384615384612 0.10430288461538459
10 0.7769230769230769 0.6148557692307693 0.1256490384615384 0.07725961538461536
19 0.9143028846153847 0.6217067307692308 0.08367788461538449 0.0626923076923078
13 0.10807692307692308 0.7806009615384616 0.08177884615384615 0.08637019230769219
14 0.22221153846153846 0.7924278846153846 0.08062499999999997 0.06475961538461551
18 0.33805288461538463 0.7914182692307693 0.09069711538461543 0.06560096153846146
7 0.45721153846153845 0.7821153846153847 0.08298076923076919 0.08377403846153851
21 0.6032211538461538 0.7918990384615385 0.14026442307692313 0.06656250000000014