26 0.05663461538461538 0.2285096153846154 0.07783653846153847 0.0850480769230769
27 0.18987980769230767 0.231875 0.07862980769230771 0.08673076923076926
28 0.3228605769230769 0.20754807692307692 0.0763942307692307 0.08108173076923074
29 0.4576201923076923 0.20951923076923076 0.0802403846153846 0.08249999999999999
30 0.6092548076923077 0.22 0.1102163461538462 0.0629807692307692
31 0.7591105769230769 0.20771634615384615 0.08096153846153833 0.08396634615384617
2 0.8962740384615385 0.20879807692307692 0.08199519230769234 0.0835817307692308
3 0.06879807692307692 0.35639423076923077 0.10213942307692309 0.062475961538461564
4 0.20944711538461538 0.35612980769230773 0.06968750000000003 0.05963942307692308
5 0.3477403846153846 0.3564903846153846 0.0932692307692308 0.06014423076923073
6 0.49449519230769234 0.34362980769230766 0.07805288461538454 0.08252403846153843
9 0.627764423076923 0.34588942307692305 0.07891826923076933 0.08194711538461547
20 0.7630288461538461 0.36689903846153843 0.07615384615384603 0.08096153846153847
21 0.926875 0.3551442307692308 0.14069711538461532 0.05999999999999995
10 0.07423076923076923 0.4824038461538462 0.11052884615384614 0.07663461538461537
11 0.2375 0.49213942307692304 0.0979807692307692 0.060697115384615384
1 0.38492788461538463 0.504423076923077 0.0892067307692308 0.08274038461538466
7 0.5296153846153846 0.4815384615384615 0.08502403846153847 0.0850480769230769
8 0.6617307692307691 0.5004326923076923 0.0633413461538462 0.07978365384615384
13 0.7931730769230769 0.4806971153846154 0.08076923076923083 0.08586538461538454
14 0.9285336538461538 0.4923798076923077 0.08329326923076917 0.061177884615384585
15 0.051514423076923076 0.6165384615384616 0.068125 0.0868269230769231
0 0.17627403846153847 0.64 0.07165865384615386 0.08331730769230762
12 0.31245192307692304 0.6409615384615385 0.0859375 0.0850480769230769
23 0.4553125 0.6410817307692308 0.08800480769230773 0.08276442307692296
16 0.5960336538461538 0.6376201923076923 0.07615384615384603 0.0809374999999999
17 0.7279326923076923 0.6192067307692307 0.07680288461538473 0.07951923076923087
18 0.8614423076923077 0.6282211538461537 0.08067307692307679 0.059591346153846064
19 0.06098557692307693 0.7644951923076923 0.0865625 0.05884615384615389
22 0.2273798076923077 0.7701442307692308 0.1359134615384615 0.0701201923076922
24 0.4082932692307692 0.7543269230769231 0.11062499999999996 0.08406250000000007
25 0.5716105769230769 0.7578365384615384 0.10326923076923072 0.09360576923076937