4 0.04682692307692308 0.12473557692307692 0.024350961538461544 0.021225961538461534
5 0.09235576923076924 0.12430288461538462 0.031995192307692315 0.019567307692307693
6 0.1390625 0.12103365384615385 0.027836538461538458 0.028557692307692298
7 0.1840625 0.12110576923076924 0.02875000000000002 0.027283653846153832
8 0.22812500000000002 0.12872596153846153 0.022163461538461535 0.026971153846153843
9 0.27110576923076923 0.12151442307692308 0.027499999999999993 0.028125000000000008
26 0.3138942307692308 0.1280769230769231 0.025576923076923046 0.028509615384615383
27 0.3580048076923077 0.12927884615384616 0.025985576923076927 0.030913461538461535
28 0.4020913461538462 0.12084134615384616 0.0250721153846154 0.02817307692307692
29 0.44432692307692306 0.12187500000000001 0.028942307692307743 0.027403846153846168
22 0.49766826923076923 0.1265144230769231 0.04653846153846157 0.023942307692307676
24 0.5580288461538461 0.1214423076923077 0.038557692307692355 0.029375
25 0.6103124999999999 0.12266826923076923 0.03427884615384613 0.0332451923076923
30 0.6650721153846154 0.12524038461538461 0.03632211538461542 0.021514423076923084
31 0.7133653846153846 0.12108173076923076 0.028245192307692308 0.027235576923076918
2 0.7583894230769231 0.12197115384615385 0.027812500000000122 0.027596153846153857
3 0.8068990384615385 0.12480769230769231 0.03574519230769232 0.02055288461538461
20 0.8535096153846153 0.1283653846153846 0.027139423076922988 0.027668269230769243
21 0.9069951923076923 0.12504807692307693 0.046466346153846254 0.021009615384615373
10 0.9671634615384614 0.12170673076923078 0.03814903846153847 0.025673076923076906
11 0.05052884615384615 0.18326923076923077 0.034567307692307696 0.02151442307692305
13 0.0973076923076923 0.17901442307692308 0.027740384615384632 0.028581730769230738
14 0.14204326923076924 0.1833894230769231 0.029543269230769213 0.020336538461538482
15 0.1847355769230769 0.17935096153846153 0.023052884615384624 0.029254807692307663
16 0.22706730769230768 0.18620192307692307 0.02427884615384614 0.02877403846153846
17 0.27110576923076923 0.18 0.024687500000000025 0.026274038461538477
18 0.3135576923076923 0.18295673076923077 0.02759615384615389 0.020865384615384633
19 0.3596875 0.18319711538461536 0.027908653846153878 0.021394230769230783
0 0.4033653846153846 0.1863701923076923 0.02475961538461541 0.026298076923076917
1 0.44747596153846153 0.18617788461538462 0.03100961538461533 0.028725961538461513
12 0.4948798076923077 0.18685096153846154 0.02963942307692304 0.028677884615384633
23 0.5410817307692308 0.18747596153846152 0.028701923076923073 0.02848557692307691
9 0.5886057692307692 0.17728365384615385 0.03043269230769237 0.033581730769230766
10 0.646201923076923 0.1776923076923077 0.04382211538461543 0.0315865384615385
11 0.708798076923077 0.1808653846153846 0.04036057692307683 0.023774038461538496
13 0.7623317307692308 0.17685096153846153 0.03144230769230779 0.032716346153846186
14 0.8148317307692309 0.18088942307692307 0.031802884615384656 0.025216346153846176
1 0.8688942307692307 0.18562499999999998 0.03528846153846142 0.03331730769230772
12 0.9227403846153847 0.18588942307692308 0.034110576923077056 0.03521634615384617
23 0.05286057692307692 0.2438221153846154 0.033605769230769224 0.03372596153846154
26 0.10336538461538461 0.24266826923076923 0.03278846153846154 0.032860576923076895
29 0.15600961538461539 0.23463942307692306 0.03346153846153843 0.03516826923076922
30 0.2138701923076923 0.239375 0.04413461538461542 0.026274038461538477
31 0.27033653846153843 0.23487980769230768 0.031274038461538436 0.034254807692307696
2 0.3218509615384615 0.23471153846153847 0.032812499999999946 0.033918269230769196
3 0.37771634615384614 0.24009615384615385 0.04132211538461538 0.026298076923076917
4 0.4317067307692308 0.23932692307692308 0.027740384615384663 0.026153846153846142
5 0.48540865384615384 0.23947115384615386 0.037548076923076934 0.0250721153846154
22 0.5494711538461539 0.2407451923076923 0.05396634615384613 0.026850961538461508
15 0.6097115384615385 0.23401442307692305 0.028822115384615408 0.0353125
16 0.6601682692307692 0.24242788461538461 0.029326923076923188 0.03237980769230769
17 0.7104807692307692 0.2350721153846154 0.0324038461538462 0.03319711538461539
18 0.7607211538461538 0.23918269230769232 0.03389423076923082 0.02447115384615386
19 0.8155288461538461 0.23908653846153843 0.03322115384615397 0.02567307692307694
20 0.8668750000000001 0.24350961538461538 0.031274038461538436 0.0317307692307692
21 0.9301682692307692 0.23947115384615386 0.05319711538461537 0.026442307692307692
27 0.050817307692307696 0.3094230769230769 0.03233173076923078 0.03343750000000006
28 0.10055288461538461 0.30002403846153847 0.031442307692307686 0.033052884615384616
24 0.15733173076923077 0.30012019230769227 0.04317307692307694 0.03322115384615383
25 0.2187980769230769 0.3019951923076923 0.04026442307692308 0.03699519230769228
0 0.2743509615384615 0.30822115384615384 0.029759615384615374 0.03389423076923082
6 0.32588942307692303 0.2995673076923077 0.032427884615384636 0.03350961538461538
7 0.37843750000000004 0.30045673076923074 0.03427884615384613 0.03528846153846155
8 0.4297596153846154 0.30855769230769237 0.026634615384615347 0.03454326923076924
0 0.47757211538461536 0.30790865384615385 0.03295673076923072 0.03887019230769235
3 0.5391826923076923 0.3030528846153846 0.04331730769230765 0.027740384615384663
4 0.5989663461538461 0.30259615384615385 0.0327884615384615 0.028269230769230748
5 0.660625 0.30240384615384613 0.03978365384615374 0.027860576923076932
6 0.7230288461538461 0.29836538461538464 0.03485576923076923 0.03533653846153843
7 0.7836298076923077 0.2980769230769231 0.03728365384615383 0.03762019230769225
8 0.8421153846153846 0.30699519230769223 0.028389423076922944 0.03709134615384617
29 0.8995673076923077 0.2985576923076923 0.03867788461538469 0.0385817307692308
30 0.9653605769230769 0.30322115384615383 0.050072115384615486 0.029519230769230773
9 0.052091346153846155 0.36557692307692313 0.03632211538461538 0.03687499999999994
10 0.11805288461538462 0.3660576923076923 0.048028846153846165 0.03355769230769226
19 0.18591346153846156 0.3704807692307692 0.03810096153846153 0.026899038461538457
20 0.24490384615384614 0.37545673076923075 0.03591346153846153 0.03543269230769233
21 0.3178125 0.37064903846153846 0.06295673076923076 0.028629807692307753
22 0.40216346153846155 0.3718028846153846 0.05913461538461544 0.03091346153846157
24 0.4806730769230769 0.36593749999999997 0.05069711538461533 0.03757211538461537
11 0.5496875 0.3705528846153846 0.04307692307692312 0.027019230769230792
13 0.6119711538461539 0.36591346153846155 0.0347355769230769 0.036105769230769184
1 0.6730528846153846 0.3752403846153846 0.03814903846153847 0.037836538461538484
12 0.7361298076923077 0.37641826923076926 0.03843750000000002 0.040144230769230745
23 0.7980769230769231 0.37608173076923074 0.03930288461538467 0.03805288461538458
26 0.858125 0.3737740384615385 0.036394230769230734 0.03911057692307688
27 0.9178365384615385 0.37617788461538465 0.03704326923076916 0.038269230769230805
28 0.05134615384615385 0.4400240384615385 0.03341346153846154 0.03728365384615383
31 0.10891826923076924 0.43980769230769234 0.036850961538461534 0.0368509615384615
2 0.16831730769230768 0.44144230769230763 0.03545673076923077 0.035889423076923097
14 0.22899038461538462 0.4449038461538462 0.03877403846153845 0.027235576923076883
15 0.28552884615384616 0.43983173076923077 0.030889423076923064 0.038317307692307685
16 0.34168269230769227 0.44968749999999996 0.03574519230769232 0.03682692307692306
17 0.39882211538461537 0.4403846153846154 0.03408653846153848 0.03516826923076922
18 0.45800480769230767 0.4450480769230769 0.037884615384615364 0.027548076923076873
25 0.5215865384615385 0.44266826923076924 0.04343749999999998 0.0411778846153846
2 0.5841346153846154 0.43814903846153846 0.04132211538461538 0.042019230769230816
3 0.6588221153846153 0.4427884615384615 0.054903846153846234 0.03430288461538457
13 0.7288942307692309 0.4370913461538462 0.04093749999999993 0.044158653846153854
14 0.794639423076923 0.4435576923076923 0.042307692307692366 0.031610576923076866
15 0.8592788461538461 0.43733173076923076 0.03588942307692296 0.04324519230769233
16 0.9232211538461539 0.44673076923076926 0.039326923076923107 0.04221153846153847
17 0.054711538461538464 0.5123317307692308 0.03874999999999999 0.04048076923076917
18 0.11985576923076922 0.5160096153846154 0.04173076923076923 0.0323076923076923
4 0.18302884615384615 0.5165384615384615 0.03658653846153846 0.03192307692307686
5 0.2516826923076923 0.517764423076923 0.04947115384615387 0.031562499999999986
0 0.32009615384615386 0.5232451923076923 0.039230769230769215 0.041105769230769286
29 0.3839663461538461 0.511875 0.04394230769230777 0.04240384615384612
30 0.4581490384615385 0.5171153846153846 0.05658653846153851 0.031658653846153885
31 0.5314663461538461 0.5113221153846154 0.042019230769230816 0.04269230769230767
6 0.5992067307692307 0.5121394230769231 0.041730769230769266 0.04435096153846151
7 0.6657451923076922 0.5130769230769231 0.04331730769230765 0.0433894230769231
1 0.7363461538461539 0.5237499999999999 0.04735576923076934 0.04350961538461544
20 0.8051201923076923 0.5227884615384615 0.039230769230769354 0.04161057692307693
21 0.8853365384615385 0.5176682692307693 0.0696153846153847 0.0327884615384615
22 0.06826923076923076 0.5958173076923077 0.06567307692307695 0.03495192307692312
24 0.15644230769230769 0.5894951923076923 0.05552884615384614 0.04492788461538461
12 0.23276442307692308 0.5990865384615385 0.044158653846153854 0.04430288461538463
23 0.30245192307692303 0.5996634615384615 0.04492788461538461 0.0440865384615384
26 0.36983173076923076 0.5991586538461539 0.03973557692307699 0.044495192307692284
27 0.4361298076923077 0.6007451923076923 0.040817307692307736 0.04343749999999998
28 0.500625 0.5880048076923077 0.038269230769230805 0.04336538461538467
8 0.5632932692307693 0.5990625 0.03353365384615382 0.040048076923076985
9 0.6278846153846154 0.5898317307692308 0.039711538461538416 0.043870192307692304
10 0.7020913461538462 0.5900721153846153 0.05519230769230778 0.03901442307692312
11 0.7806009615384616 0.5942788461538462 0.05103365384615389 0.030600961538461584
19 0.8531009615384615 0.5934134615384615 0.04329326923076921 0.03158653846153843
25 0.9261778846153846 0.5908653846153846 0.052307692307692284 0.047668269230769195
0 0.05370192307692308 0.6830528846153846 0.03949519230769231 0.04682692307692312
31 0.12560096153846154 0.670625 0.0447596153846154 0.04538461538461537
2 0.19966346153846154 0.6704807692307693 0.0444230769230769 0.0457211538461538
3 0.27985576923076927 0.6768509615384615 0.05771634615384613 0.03350961538461551
4 0.35713942307692303 0.6763701923076924 0.036971153846153834 0.03485576923076923
5 0.43146634615384616 0.6767067307692307 0.05271634615384617 0.03552884615384609
6 0.5104086538461539 0.6703846153846154 0.04374999999999997 0.045504807692307574
7 0.5864903846153846 0.6700721153846154 0.04600961538461535 0.047716346153846206
8 0.6594711538461537 0.681875 0.03360576923076927 0.044447115384615404
9 0.7297115384615385 0.6711538461538461 0.04399038461538451 0.045841346153846274
10 0.8132692307692307 0.6718028846153847 0.0598076923076923 0.04269230769230767
13 0.8955048076923077 0.6705048076923077 0.04326923076923077 0.04576923076923068
14 0.9694711538461539 0.6773317307692307 0.04557692307692317 0.03536057692307701
15 0.05399038461538462 0.7539423076923076 0.0401201923076923 0.048581730769230856
16 0.12396634615384615 0.7658173076923076 0.04146634615384615 0.0440625000000001
17 0.19610576923076922 0.7547115384615384 0.04293269230769227 0.044495192307692284
18 0.26822115384615386 0.7606009615384616 0.0472115384615385 0.03365384615384615
19 0.3449038461538461 0.7605288461538462 0.04783653846153841 0.033485576923076806
20 0.4193028846153846 0.7655048076923077 0.04252403846153845 0.046274038461538464
21 0.5084615384615385 0.7607451923076923 0.07942307692307697 0.033918269230769266
22 0.6143028846153846 0.7622596153846154 0.07334134615384613 0.03838942307692314
24 0.7131009615384615 0.755048076923077 0.06310096153846154 0.048004807692307756
1 0.7956730769230769 0.7668028846153846 0.050072115384615486 0.046033653846153794
12 0.8741586538461538 0.7671153846153846 0.047235576923076866 0.048100961538461516
23 0.9523076923076924 0.7668990384615384 0.048004807692307756 0.047668269230769326
26 0.05646634615384616 0.8508894230769232 0.04367788461538462 0.04737980769230778
27 0.1291826923076923 0.8530288461538462 0.04485576923076922 0.04740384615384622
28 0.2010576923076923 0.8408173076923077 0.04161057692307693 0.04562500000000004
29 0.2735576923076923 0.8403125 0.0462980769230769 0.046033653846153794
30 0.3566105769230769 0.8460096153846154 0.0613461538461538 0.03475961538461547
11 0.4419230769230769 0.8471394230769231 0.05521634615384608 0.0327884615384615
25 0.5265625 0.8423317307692308 0.057644230769230816 0.04942307692307679