0 0.08420673076923077 0.11911057692307692 0.1062019230769231 0.12228365384615386
1 0.20197115384615383 0.1190625 0.1268028846153846 0.12218749999999996
27 0.32865384615384613 0.1201923076923077 0.1199759615384616 0.1244471153846154
28 0.44427884615384616 0.08689903846153846 0.10519230769230767 0.12007211538461539
29 0.5603846153846154 0.08598557692307693 0.1204567307692308 0.11822115384615382
12 0.6867307692307693 0.11918269230769231 0.1262740384615384 0.11956730769230771
23 0.8164663461538461 0.11959134615384616 0.12555288461538466 0.12322115384615383
26 0.08759615384615384 0.3126923076923077 0.1158173076923077 0.12197115384615387
30 0.22858173076923077 0.3001682692307692 0.15985576923076922 0.0886298076923077
31 0.36930288461538463 0.2860096153846154 0.11644230769230769 0.1195432692307692
2 0.4897115384615385 0.28778846153846155 0.116875 0.12026442307692314
3 0.6253605769230769 0.3005769230769231 0.14699519230769226 0.09117788461538463
4 0.7537980769230769 0.3016586538461538 0.09923076923076916 0.0886057692307692
7 0.8726201923076923 0.2854326923076923 0.121923076923077 0.12120192307692304
8 0.08312499999999999 0.510576923076923 0.09552884615384617 0.11615384615384614
9 0.19235576923076922 0.4821153846153846 0.11603365384615387 0.11862980769230774
10 0.3371394230769231 0.48524038461538466 0.15956730769230767 0.11076923076923073
5 0.49149038461538463 0.4980288461538462 0.1374038461538462 0.08822115384615382
6 0.6251442307692308 0.48259615384615384 0.11625000000000003 0.11959134615384616
11 0.755673076923077 0.49841346153846156 0.1425480769230768 0.0890384615384616
13 0.8864423076923077 0.48204326923076923 0.11848557692307683 0.11850961538461541
14 0.09122596153846155 0.6973317307692307 0.12021634615384613 0.08807692307692304
15 0.20463942307692307 0.6794230769230769 0.1010096153846154 0.1230048076923076
22 0.35512019230769226 0.7010817307692307 0.19552884615384608 0.10127403846153846
24 0.5409134615384615 0.6803846153846155 0.16269230769230772 0.11925480769230773
18 0.6841586538461539 0.6956490384615385 0.12112980769230766 0.09038461538461544
19 0.8089423076923077 0.6953846153846153 0.12466346153846157 0.08706730769230776
20 0.9313942307692307 0.7109855769230768 0.11221153846153833 0.11826923076923088
21 0.13288461538461538 0.8923798076923077 0.2063701923076923 0.0907451923076923
16 0.29471153846153847 0.9060336538461539 0.1114903846153846 0.11521634615384603
17 0.4101442307692308 0.8775000000000001 0.11225961538461536 0.1147596153846154
25 0.5442548076923076 0.8830288461538461 0.14961538461538465 0.13144230769230758