26 0.06423076923076923 0.22718750000000001 0.08040865384615385 0.0900240384615385
27 0.20204326923076923 0.23012019230769232 0.08526442307692307 0.0908173076923077
28 0.34100961538461544 0.20639423076923077 0.07980769230769227 0.08639423076923076
29 0.4810817307692308 0.2071875 0.08665865384615387 0.08793269230769227
30 0.6385576923076923 0.2175 0.1156490384615385 0.06557692307692307
6 0.7959855769230769 0.20653846153846153 0.08387019230769227 0.08413461538461539
7 0.9403125 0.20651442307692308 0.08911057692307704 0.08658653846153849
8 0.059639423076923076 0.36935096153846153 0.06865384615384615 0.08331730769230775
9 0.1928125 0.34882211538461544 0.08449519230769233 0.08531250000000003
0 0.3295192307692308 0.3712980769230769 0.07704326923076926 0.08725961538461541
1 0.46927884615384613 0.3710817307692308 0.0934375 0.08680288461538464
31 0.615 0.3482932692307692 0.08740384615384619 0.08930288461538456
2 0.7579326923076923 0.34853365384615387 0.08617788461538467 0.08725961538461541
3 0.9099759615384616 0.35980769230769233 0.10846153846153847 0.06675480769230765
4 0.06033653846153846 0.5009134615384615 0.07257211538461537 0.0656009615384616
5 0.20576923076923076 0.5024759615384615 0.09778846153846156 0.0636538461538462
12 0.3557211538461538 0.5132451923076923 0.09151442307692306 0.08771634615384617
14 0.5036298076923077 0.5029567307692308 0.0862019230769231 0.06536057692307692
15 0.6406730769230768 0.4899038461538462 0.07437500000000014 0.08947115384615391
16 0.7739663461538462 0.5114903846153847 0.08033653846153836 0.08420673076923084
17 0.9127403846153845 0.4923798076923077 0.08206730769230766 0.08394230769230773
18 0.06495192307692307 0.6425240384615385 0.08689903846153846 0.06286057692307687
19 0.21033653846153846 0.6429567307692309 0.0892067307692308 0.06374999999999996
20 0.35449519230769233 0.6537740384615385 0.08144230769230767 0.0853605769230769
21 0.5243509615384615 0.642235576923077 0.1479086538461538 0.06442307692307682
22 0.7251442307692308 0.64625 0.14211538461538462 0.07538461538461541
24 0.9135576923076923 0.6319230769230769 0.11656250000000003 0.0872115384615384
23 0.06889423076923076 0.7953846153846154 0.09225961538461538 0.08774038461538461
10 0.23038461538461538 0.7735336538461539 0.1166346153846154 0.0819711538461539
11 0.39951923076923074 0.7833413461538462 0.1031971153846154 0.0636538461538462
13 0.5484615384615384 0.771826923076923 0.0873076923076923 0.08870192307692303
25 0.7018990384615384 0.7774759615384615 0.1107932692307693 0.09747596153846143