23 0.042764423076923075 0.1483173076923077 0.06149038461538461 0.05810096153846151
26 0.1388221153846154 0.1453605769230769 0.053894230769230805 0.0595673076923077
2 0.23105769230769233 0.1334375 0.05966346153846152 0.05793269230769233
3 0.33362980769230766 0.14125000000000001 0.07370192307692314 0.04372596153846153
0 0.4313221153846154 0.14853365384615386 0.05271634615384617 0.060408653846153834
1 0.5252163461538462 0.14841346153846155 0.0641346153846154 0.058269230769230754
12 0.6235576923076922 0.14850961538461538 0.06367788461538464 0.06033653846153845
4 0.7175240384615384 0.14048076923076921 0.05004807692307704 0.04427884615384619
5 0.8134374999999999 0.1405048076923077 0.06620192307692299 0.04432692307692307
6 0.9130048076923077 0.13384615384615384 0.05908653846153856 0.05877403846153847
7 0.043341346153846154 0.22814903846153844 0.06079326923076923 0.05875
8 0.13552884615384617 0.24158653846153846 0.04545673076923076 0.056009615384615415
9 0.2246153846153846 0.22858173076923077 0.05721153846153849 0.05776442307692308
10 0.3296634615384615 0.22990384615384615 0.0787019230769231 0.052788461538461555
11 0.44156249999999997 0.23634615384615382 0.06949519230769237 0.04367788461538465
13 0.5407451923076922 0.22807692307692307 0.05709134615384615 0.05858173076923078
14 0.6347836538461539 0.23598557692307692 0.060264423076923194 0.04295673076923078
15 0.7248798076923078 0.22735576923076922 0.04999999999999989 0.0608653846153846
27 0.8151442307692308 0.24391826923076923 0.056682692307692406 0.060697115384615384
28 0.9067548076923077 0.2280048076923077 0.053846153846153794 0.05846153846153845
29 0.04048076923076923 0.32079326923076923 0.059471153846153854 0.05913461538461544
21 0.1555528846153846 0.3291826923076923 0.10033653846153848 0.0462980769230769
22 0.28862980769230767 0.3312019230769231 0.0946394230769231 0.048485576923076965
24 0.413125 0.3211057692307693 0.07735576923076924 0.059735576923076975
25 0.5249519230769231 0.32406250000000003 0.07355769230769237 0.0656730769230769
30 0.6406009615384616 0.32875 0.0774278846153847 0.04358173076923076
31 0.7436298076923078 0.32069711538461537 0.05790865384615392 0.05891826923076921
16 0.8363701923076923 0.33432692307692313 0.05290865384615383 0.05658653846153851
17 0.9283413461538461 0.3211298076923077 0.055624999999999966 0.05610576923076917
18 0.04096153846153846 0.4414903846153846 0.059735576923076926 0.04348557692307686
19 0.13701923076923078 0.44218749999999996 0.06137019230769231 0.0430288461538461
20 0.2324278846153846 0.44908653846153845 0.054326923076923064 0.05685096153846148
26 0.33269230769230773 0.44353365384615384 0.06997596153846157 0.07718750000000003
27 0.45177884615384617 0.44692307692307687 0.0714663461538462 0.07653846153846147
28 0.5691346153846154 0.42663461538461533 0.0676201923076923 0.07478365384615387
29 0.6874759615384616 0.4264903846153846 0.07480769230769233 0.07266826923076927
30 0.8220432692307693 0.4362980769230769 0.10076923076923067 0.055288461538461536
31 0.9548798076923077 0.4263461538461539 0.07329326923076926 0.07420673076923077
2 0.04995192307692308 0.5469711538461538 0.07403846153846153 0.07509615384615387
3 0.18012019230769233 0.5564903846153846 0.09213942307692304 0.0552644230769231
4 0.3051682692307693 0.5561538461538462 0.061177884615384585 0.054663461538461564
5 0.42843749999999997 0.5563461538461538 0.08394230769230773 0.054999999999999986
6 0.5570432692307692 0.5461057692307693 0.07302884615384614 0.07516826923076919
7 0.6798317307692308 0.5472355769230769 0.07576923076923073 0.0756009615384615
8 0.7991346153846154 0.5643028846153846 0.0579567307692308 0.07276442307692303
9 0.9140865384615384 0.5464423076923077 0.07153846153846152 0.07403846153846157
10 0.06413461538461539 0.6707932692307692 0.09870192307692308 0.06923076923076912
12 0.20276442307692305 0.6879086538461539 0.07639423076923077 0.07403846153846143
23 0.3306971153846154 0.6889663461538462 0.07709134615384614 0.07615384615384603
11 0.46153846153846156 0.6796153846153847 0.08913461538461534 0.055624999999999966
15 0.5842307692307692 0.6681009615384615 0.0645192307692307 0.07509615384615387
16 0.6989423076923077 0.6860817307692308 0.06838942307692318 0.07038461538461532
17 0.8166346153846155 0.6695913461538462 0.07074519230769219 0.0725480769230768
18 0.9359134615384614 0.6779086538461538 0.0744711538461539 0.05588942307692308
19 0.05262019230769231 0.7979086538461538 0.07750000000000003 0.05367788461538471
0 0.17194711538461538 0.8090384615384616 0.06572115384615386 0.07593750000000007
1 0.2918990384615385 0.8087980769230769 0.08168269230769235 0.07540865384615386
13 0.41564903846153844 0.7892307692307692 0.07572115384615384 0.0751201923076923
14 0.5365625 0.7990625 0.07461538461538467 0.055961538461538396
20 0.6566586538461539 0.8083653846153845 0.07072115384615375 0.07271634615384616
21 0.8030528846153846 0.7974038461538462 0.12497596153846156 0.05637019230769242
22 0.07290865384615385 0.9217307692307692 0.1199519230769231 0.0627644230769231
24 0.23389423076923077 0.9097115384615384 0.09980769230769233 0.0756971153846154
25 0.3772596153846154 0.9127403846153845 0.09439903846153842 0.0817788461538461