0 0.07788461538461539 0.203125 0.05961538461538461 0.0895192307692308
27 0.20290865384615384 0.2039423076923077 0.07209134615384617 0.09112980769230769
28 0.33658653846153846 0.18060096153846153 0.07360576923076924 0.08687499999999997
29 0.4736778846153846 0.1806730769230769 0.07968749999999994 0.08983173076923077
30 0.6192067307692307 0.19262019230769228 0.09588942307692304 0.06564903846153847
31 0.7636778846153847 0.18045673076923074 0.07656250000000006 0.08939903846153846
2 0.8981009615384615 0.18016826923076923 0.075048076923077 0.08884615384615387
3 0.08973557692307692 0.3281009615384616 0.08899038461538464 0.06512019230769225
4 0.22894230769230767 0.3266826923076923 0.07326923076923074 0.06514423076923083
5 0.3651442307692308 0.3264182692307692 0.07985576923076916 0.0674038461538462
1 0.5120913461538461 0.33774038461538464 0.09658653846153847 0.0872115384615384
12 0.6649278846153847 0.33692307692307694 0.09514423076923087 0.08843750000000004
6 0.8110096153846154 0.31687499999999996 0.075048076923077 0.08793269230769227
10 0.10872596153846155 0.45245192307692306 0.12132211538461538 0.08629807692307687
11 0.27081730769230766 0.46240384615384617 0.08629807692307687 0.06504807692307693
7 0.4148076923076923 0.45103365384615385 0.08019230769230773 0.0875721153846154
8 0.5436778846153846 0.47350961538461533 0.06076923076923084 0.09012019230769233
9 0.67125 0.4514903846153846 0.0755528846153845 0.08850961538461537
23 0.8136057692307692 0.4726682692307692 0.09442307692307686 0.08841346153846147
26 0.07834134615384616 0.6091586538461539 0.06334134615384614 0.08992788461538467
13 0.2078846153846154 0.5853125 0.07639423076923077 0.0874759615384615
14 0.34257211538461535 0.5974038461538462 0.07992788461538461 0.06644230769230766
15 0.47872596153846153 0.5852884615384615 0.0751201923076923 0.0902644230769231
16 0.6124278846153847 0.6078125 0.07382211538461533 0.09007211538461532
17 0.7470192307692307 0.5842307692307692 0.07435096153846142 0.08817307692307694
18 0.8840384615384616 0.5976923076923076 0.07975961538461526 0.06699519230769233
19 0.08947115384615384 0.7330288461538461 0.08281250000000001 0.06617788461538456
20 0.22858173076923077 0.7434134615384616 0.07538461538461541 0.0897836538461539
24 0.38016826923076924 0.7212980769230769 0.10987980769230764 0.08603365384615376
25 0.5462019230769231 0.7263942307692308 0.1054086538461539 0.09901442307692293
21 0.7235576923076923 0.7331971153846154 0.12644230769230774 0.06651442307692298
22 0.9072115384615385 0.7377884615384616 0.12322115384615383 0.07456730769230765