23 0.07966346153846154 0.1178125 0.052884615384615384 0.04846153846153845
26 0.15646634615384616 0.11783653846153846 0.03649038461538463 0.05021634615384615
27 0.22843750000000002 0.1186298076923077 0.039615384615384594 0.05007211538461538
3 0.30569711538461536 0.1126923076923077 0.04822115384615385 0.03653846153846155
4 0.38471153846153844 0.11182692307692309 0.043125 0.038197115384615385
5 0.46110576923076924 0.1123076923076923 0.046514423076923134 0.03920673076923077
6 0.5369951923076923 0.10552884615384615 0.04377403846153841 0.05137019230769232
7 0.615360576923077 0.10639423076923077 0.04769230769230777 0.0496875
8 0.6878365384615385 0.11915865384615384 0.036394230769230734 0.05134615384615385
9 0.759423076923077 0.10615384615384614 0.043918269230769184 0.05264423076923078
10 0.8485096153846154 0.1075 0.06925480769230756 0.048653846153846145
11 0.9402163461538462 0.11305288461538462 0.050072115384615486 0.037259615384615384
13 0.07372596153846155 0.180625 0.04442307692307693 0.05048076923076923
28 0.14978365384615386 0.18153846153846154 0.04543269230769232 0.05057692307692306
29 0.22802884615384617 0.18134615384615385 0.04610576923076925 0.05060096153846157
30 0.3089903846153846 0.18747596153846152 0.054807692307692335 0.03843750000000002
31 0.38985576923076926 0.18115384615384617 0.046514423076923134 0.05153846153846153
2 0.46651442307692303 0.18040865384615384 0.0436057692307692 0.051778846153846134
14 0.5438461538461539 0.18810096153846154 0.047139423076923107 0.03968749999999998
15 0.6190625 0.18165865384615382 0.04305288461538454 0.052500000000000005
19 0.6962499999999999 0.18757211538461538 0.048052884615384636 0.038605769230769235
20 0.7743509615384615 0.19396634615384614 0.046322115384615344 0.053124999999999985
0 0.8469951923076924 0.19264423076923076 0.03704326923076916 0.05045673076923079
1 0.9250721153846153 0.1933653846153846 0.054134615384615344 0.05019230769230768
12 0.07951923076923076 0.2762740384615385 0.05600961538461538 0.04944711538461537
21 0.1739903846153846 0.2703846153846154 0.07497596153846153 0.0376682692307692
22 0.27944711538461536 0.27314903846153843 0.07124999999999997 0.04322115384615382
16 0.3683413461538461 0.27718750000000003 0.044735576923076954 0.05269230769230773
17 0.44435096153846154 0.2633173076923077 0.043918269230769184 0.04942307692307693
18 0.5215865384615385 0.2700480769230769 0.04557692307692303 0.038701923076923064
24 0.6080528846153845 0.2639182692307692 0.06399038461538463 0.05050480769230767
25 0.7019471153846154 0.26677884615384617 0.061177884615384724 0.05622596153846157
12 0.7958173076923077 0.2745192307692308 0.05834134615384611 0.056250000000000015
23 0.8895673076923077 0.2748798076923077 0.0586538461538461 0.05699519230769233
26 0.0740625 0.35747596153846156 0.041682692307692296 0.05730769230769225
27 0.15182692307692308 0.35802884615384617 0.046081730769230805 0.05670673076923071
28 0.2333894230769231 0.34391826923076924 0.04783653846153847 0.054230769230769235
31 0.31807692307692303 0.3432451923076923 0.04894230769230772 0.0545913461538461
2 0.40084134615384615 0.34362980769230766 0.047908653846153865 0.05540865384615387
14 0.4859134615384615 0.3508413461538461 0.0497836538461538 0.04406249999999996
15 0.5698076923076922 0.34411057692307695 0.047572115384615435 0.0563221153846154
16 0.6501923076923077 0.35790865384615383 0.048677884615384616 0.05658653846153851
17 0.7344951923076923 0.3436538461538462 0.04725961538461531 0.05545673076923075
18 0.8191346153846154 0.3499278846153846 0.05146634615384608 0.04221153846153847
3 0.9089663461538462 0.350625 0.056249999999999946 0.04189903846153848
4 0.07709134615384615 0.43235576923076924 0.04771634615384617 0.042235576923076903
5 0.1610096153846154 0.4333173076923077 0.05245192307692306 0.042475961538461574
6 0.24485576923076924 0.4262740384615385 0.04673076923076923 0.05757211538461536
7 0.32939903846153845 0.4256971153846154 0.054375000000000014 0.05814903846153845
8 0.4097355769230769 0.44062500000000004 0.039951923076923086 0.05877403846153843
9 0.48824519230769237 0.4262740384615385 0.04927884615384615 0.05757211538461536
10 0.5868749999999999 0.42790865384615384 0.0771634615384616 0.055673076923076985
11 0.6877644230769231 0.4325721153846154 0.05512019230769219 0.04269230769230767
13 0.7751682692307693 0.42584134615384617 0.049639423076923025 0.05670673076923071
0 0.8534855769230769 0.43908653846153844 0.03973557692307686 0.05742788461538458
1 0.08389423076923076 0.5242067307692307 0.0613221153846154 0.05771634615384613
19 0.17569711538461538 0.5173317307692308 0.056057692307692294 0.04394230769230777
29 0.26432692307692307 0.5114903846153847 0.05132211538461537 0.056298076923076965
30 0.3532211538461538 0.5182692307692307 0.06084134615384616 0.044110576923076975
20 0.4425 0.5248317307692308 0.04882211538461539 0.05894230769230765
21 0.5405288461538462 0.5184375 0.08002403846153851 0.04326923076923077
22 0.654639423076923 0.5210336538461539 0.08158653846153832 0.047908653846153865
24 0.7631971153846154 0.5116346153846154 0.06862980769230759 0.05829326923076923
25 0.8677884615384616 0.5140384615384616 0.06661057692307701 0.06310096153846154
27 0.07704326923076922 0.6143028846153846 0.047620192307692315 0.061033653846153814
28 0.1653125 0.59875 0.05247596153846157 0.06084134615384616
29 0.2577884615384615 0.5992788461538462 0.05540865384615387 0.06019230769230761
30 0.3563701923076923 0.6067307692307693 0.0654086538461538 0.04586538461538458
15 0.45276442307692305 0.5992307692307691 0.05045673076923079 0.060072115384615404
16 0.5430288461538462 0.614326923076923 0.05240384615384618 0.05944711538461543
17 0.6334375 0.598798076923077 0.0529567307692307 0.060889423076923035
18 0.7262740384615385 0.6062980769230769 0.054903846153846234 0.046706730769230785
31 0.8196394230769232 0.5990384615384615 0.054471153846153766 0.06139423076923068
2 0.9113942307692308 0.5995673076923077 0.05185096153846166 0.060745192307692264
22 0.09637019230769231 0.7036298076923077 0.08629807692307694 0.05252403846153852
24 0.21449519230769232 0.6921394230769231 0.0769951923076923 0.060456730769230714
12 0.3228125 0.7066826923076923 0.0635576923076923 0.060024038461538524
23 0.4255528846153846 0.7065625 0.0647115384615385 0.060745192307692264
26 0.5193028846153847 0.7060336538461538 0.04447115384615385 0.0607692307692307
5 0.6072836538461538 0.6996394230769231 0.05387019230769223 0.044543269230769164
6 0.6991586538461539 0.6918269230769231 0.05045673076923079 0.0598076923076923
7 0.7926442307692307 0.6913461538461539 0.055432692307692176 0.062283653846153766
8 0.8797115384615384 0.7073076923076923 0.040673076923076826 0.061562500000000034
9 0.07891826923076922 0.7821153846153847 0.053124999999999985 0.06009615384615385
10 0.18516826923076923 0.783389423076923 0.08360576923076923 0.05802884615384612
11 0.29526442307692313 0.7897355769230768 0.05997596153846151 0.0440625000000001
13 0.3902163461538462 0.7818028846153846 0.05240384615384618 0.06120192307692317
14 0.48093749999999996 0.7896153846153846 0.05358173076923082 0.04764423076923089
3 0.5784615384615385 0.7899038461538462 0.05975961538461542 0.04649038461538469
4 0.6724759615384616 0.7888221153846153 0.05204326923076918 0.04605769230769223
0 0.7583173076923077 0.795048076923077 0.04343750000000012 0.06024038461538449
1 0.8536298076923077 0.7960096153846153 0.0657692307692308 0.060456730769230714
19 0.08257211538461538 0.8817067307692308 0.062451923076923085 0.04637019230769222
20 0.17516826923076925 0.8894951923076923 0.05156249999999997 0.060216346153846044
21 0.28406250000000005 0.8827163461538461 0.08564903846153846 0.04495192307692319
25 0.4025721153846154 0.8787740384615385 0.07197115384615384 0.06798076923076916