0 0.038317307692307685 0.12528846153846154 0.058629807692307696 0.06627403846153848
26 0.14028846153846153 0.12252403846153846 0.062235576923076956 0.0687740384615385
27 0.24728365384615386 0.12514423076923079 0.06389423076923073 0.0660096153846154
28 0.3530048076923077 0.10694711538461539 0.05896634615384622 0.06567307692307695
29 0.4595673076923077 0.10629807692307693 0.0657692307692308 0.06634615384615383
3 0.5771875000000001 0.11586538461538462 0.08064903846153836 0.04944711538461537
4 0.6887259615384616 0.115625 0.05334134615384629 0.04894230769230769
5 0.7991346153846154 0.11579326923076924 0.07384615384615391 0.04730769230769232
6 0.9138461538461539 0.10692307692307691 0.06286057692307687 0.06560096153846155
7 0.0448798076923077 0.214375 0.06572115384615386 0.06615384615384617
14 0.15605769230769231 0.22459134615384618 0.06572115384615386 0.04855769230769228
15 0.2590144230769231 0.21375 0.05326923076923076 0.06694711538461537
16 0.36317307692307693 0.23117788461538463 0.061274038461538484 0.06372596153846152
17 0.46810096153846154 0.2159855769230769 0.06081730769230772 0.06538461538461536
8 0.5699278846153846 0.23081730769230768 0.05009615384615378 0.06302884615384616
1 0.6757932692307692 0.23288461538461538 0.07153846153846152 0.06911057692307693
12 0.7909375 0.23329326923076923 0.06944711538461536 0.06995192307692306
23 0.9056730769230769 0.23247596153846153 0.0685817307692307 0.06829326923076923
19 0.04564903846153846 0.33127403846153847 0.06764423076923078 0.04826923076923073
20 0.15435096153846153 0.33889423076923075 0.060312500000000005 0.06677884615384623
21 0.28531249999999997 0.33055288461538457 0.10987980769230764 0.050120192307692366
22 0.4383173076923077 0.3343028846153846 0.10538461538461533 0.0575961538461538
9 0.5687740384615385 0.3222836538461538 0.06379807692307697 0.06766826923076917
10 0.6901201923076923 0.32432692307692307 0.08615384615384623 0.06290865384615388
11 0.8177163461538461 0.3323076923076923 0.07694711538461536 0.04759615384615387
13 0.9331730769230769 0.32221153846153844 0.06343749999999997 0.06749999999999996
18 0.04237980769230769 0.4672115384615385 0.0667548076923077 0.0489903846153846
24 0.16110576923076922 0.45819711538461544 0.0878125 0.0670432692307692
25 0.2891586538461539 0.4614903846153846 0.08353365384615384 0.07362980769230767
30 0.42257211538461537 0.46682692307692303 0.08793269230769227 0.048245192307692294
31 0.5422355769230769 0.4575480769230769 0.06286057692307687 0.0677163461538462
2 0.6494711538461538 0.45802884615384615 0.0629567307692309 0.06468750000000006
0 0.7793509615384615 0.47137019230769234 0.08033653846153836 0.09139423076923073
23 0.8653846153846154 0.47074519230769235 0.08814903846153836 0.08812500000000006
26 0.9542548076923077 0.46798076923076926 0.07956730769230774 0.0886298076923077
27 0.052884615384615384 0.6171875 0.08173076923076923 0.09055288461538452
28 0.13629807692307694 0.5930048076923077 0.07629807692307694 0.08622596153846154
29 0.2216346153846154 0.5930048076923077 0.08471153846153848 0.08625
30 0.3253365384615385 0.604639423076923 0.1158173076923077 0.06545673076923081
31 0.42757211538461537 0.5924278846153845 0.08389423076923072 0.08911057692307704
8 0.5079807692307692 0.614423076923077 0.06644230769230766 0.08300480769230777
9 0.5890384615384616 0.5930528846153846 0.0823557692307692 0.08637019230769233
10 0.6937259615384614 0.5952644230769231 0.11338942307692298 0.08074519230769238
1 0.8031490384615385 0.6176442307692308 0.0918990384615385 0.08947115384615391
12 0.8992307692307692 0.6160096153846154 0.08971153846153858 0.09019230769230765
11 0.06170673076923077 0.7478125 0.10336538461538461 0.0633413461538462
2 0.1582451923076923 0.7365384615384615 0.08408653846153843 0.08687499999999997
3 0.25627403846153846 0.7476682692307691 0.10826923076923076 0.0670432692307692
13 0.35584134615384616 0.7367788461538461 0.08269230769230763 0.08733173076923087
14 0.44233173076923077 0.7485336538461538 0.08538461538461534 0.06278846153846154
4 0.5268028846153846 0.7481009615384615 0.0740625 0.06591346153846143
5 0.6163942307692308 0.7483653846153846 0.09697115384615393 0.06444711538461526
6 0.7137740384615385 0.7363221153846153 0.08538461538461534 0.08639423076923063
7 0.8036538461538462 0.7358413461538462 0.08687499999999997 0.08745192307692307
15 0.8873798076923076 0.7358413461538462 0.07149038461538464 0.08947115384615391
19 0.05639423076923077 0.8911538461538462 0.08877403846153845 0.06274038461538467
20 0.1455528846153846 0.9030769230769231 0.08076923076923076 0.08538461538461534
21 0.2634134615384615 0.8913221153846155 0.1482451923076923 0.06591346153846143
22 0.4116105769230769 0.8958413461538461 0.14009615384615393 0.07495192307692296
24 0.5458413461538462 0.8801201923076923 0.1170913461538461 0.08954326923076923
16 0.6475961538461538 0.9002403846153846 0.07923076923076931 0.08375000000000007
17 0.7314423076923077 0.8815384615384616 0.08067307692307679 0.08437500000000006
18 0.817860576923077 0.8909374999999999 0.08665865384615373 0.06314903846153842
25 0.916201923076923 0.8840625 0.10966346153846154 0.09745192307692299