0 0.08045673076923077 0.10588942307692308 0.1043269230769231 0.1241105769230769
26 0.1963221153846154 0.10206730769230768 0.11266826923076924 0.12778846153846152
27 0.31870192307692313 0.10665865384615383 0.11704326923076923 0.12564903846153846
28 0.43608173076923074 0.07252403846153846 0.11141826923076928 0.12242788461538463
29 0.5572355769230769 0.07204326923076923 0.11896634615384617 0.12427884615384616
30 0.704735576923077 0.08954326923076923 0.16512019230769218 0.0913942307692308
31 0.8512740384615385 0.07298076923076922 0.11884615384615398 0.12331730769230768
2 0.08956730769230768 0.2795192307692308 0.12180288461538462 0.12348557692307693
1 0.2194471153846154 0.31346153846153846 0.1334615384615385 0.12637019230769228
13 0.34947115384615385 0.27944711538461536 0.11915865384615383 0.12338942307692304
14 0.47350961538461533 0.29545673076923074 0.12125 0.09036057692307686
15 0.5906971153846153 0.27697115384615384 0.1010817307692308 0.12692307692307694
4 0.6994711538461539 0.29362980769230773 0.10370192307692304 0.0895192307692308
7 0.8225961538461538 0.27887019230769233 0.12370192307692317 0.1222355769230769
8 0.07990384615384616 0.5122836538461539 0.09478365384615382 0.11677884615384612
9 0.19372596153846156 0.48254807692307694 0.11596153846153848 0.12233173076923073
5 0.32930288461538465 0.49858173076923074 0.13822115384615385 0.08937500000000001
12 0.4668028846153846 0.5160336538461539 0.12764423076923082 0.1258413461538462
23 0.6013701923076923 0.5156490384615384 0.12807692307692314 0.12629807692307699
3 0.7483653846153846 0.4979567307692308 0.15057692307692305 0.09093749999999996
21 0.13228365384615384 0.7037259615384616 0.20516826923076922 0.09110576923076917
22 0.343125 0.7096394230769231 0.19980769230769233 0.10423076923076927
6 0.5161538461538462 0.6881730769230768 0.12168269230769233 0.12634615384615372
10 0.6645913461538462 0.6903365384615385 0.16117788461538451 0.11370192307692296
11 0.82625 0.7049278846153846 0.14514423076923075 0.09000000000000014
16 0.08663461538461538 0.9205769230769231 0.11108173076923075 0.1188461538461537
17 0.20478365384615385 0.8923798076923077 0.1126201923076923 0.11906249999999993
18 0.3250480769230769 0.9070673076923076 0.12408653846153847 0.08903846153846146
19 0.4554807692307692 0.9070432692307692 0.1247355769230769 0.08899038461538457
20 0.5825961538461539 0.9222596153846154 0.11317307692307702 0.1194230769230768
24 0.7260096153846154 0.8903846153846153 0.1624519230769232 0.12353365384615381
25 0.8912259615384616 0.8969471153846154 0.15629807692307687 0.1366586538461539