23 0.05307692307692307 0.2019471153846154 0.05992788461538463 0.05997596153846151
26 0.14829326923076921 0.20052884615384617 0.05435096153846157 0.0589903846153846
31 0.2412019230769231 0.18699519230769232 0.057115384615384596 0.05778846153846152
5 0.34060096153846153 0.19447115384615385 0.06545673076923081 0.04317307692307694
6 0.4394711538461538 0.18653846153846151 0.05425480769230768 0.05685096153846155
7 0.5369471153846154 0.1866346153846154 0.05872596153846155 0.05889423076923077
8 0.6299038461538462 0.2014903846153846 0.04495192307692319 0.05536057692307693
9 0.7191105769230769 0.18704326923076925 0.055096153846153746 0.05788461538461535
22 0.829735576923077 0.19764423076923077 0.09324519230769222 0.04951923076923075
24 0.954735576923077 0.18694711538461536 0.07776442307692313 0.059543269230769254
10 0.06336538461538462 0.28360576923076924 0.07680288461538462 0.05382211538461542
1 0.17072115384615383 0.29834134615384617 0.06221153846153845 0.06045673076923078
12 0.2712259615384615 0.29867788461538464 0.0616826923076923 0.059254807692307634
2 0.36754807692307695 0.28266826923076926 0.056490384615384616 0.05870192307692312
11 0.4676201923076923 0.2902884615384615 0.06985576923076924 0.04250000000000002
13 0.5673557692307692 0.28201923076923074 0.05612980769230775 0.0592307692307692
14 0.6613461538461538 0.2901682692307692 0.05790865384615392 0.04411057692307691
15 0.7522115384615385 0.28240384615384617 0.048629807692307736 0.06000000000000002
0 0.8391586538461537 0.2985096153846154 0.05110576923076921 0.0607692307692307
3 0.9374278846153847 0.2898798076923077 0.0705048076923078 0.04353365384615388
4 0.048269230769230766 0.3830769230769231 0.04848557692307693 0.04314903846153843
27 0.13930288461538462 0.39197115384615383 0.05670673076923078 0.059086538461538426
28 0.22956730769230768 0.37543269230769233 0.0523317307692308 0.05927884615384622
29 0.32290865384615386 0.375 0.05781250000000003 0.06026442307692306
30 0.4271875 0.383125 0.07961538461538463 0.045072115384615384
16 0.5299519230769231 0.38975961538461534 0.053990384615384565 0.056538461538461496
17 0.6219471153846154 0.376875 0.05492788461538467 0.0547836538461539
18 0.7140865384615385 0.38317307692307695 0.05798076923076924 0.04334134615384622
19 0.8111057692307693 0.3834375 0.05879807692307701 0.042019230769230816
20 0.9061057692307692 0.39045673076923076 0.053701923076923154 0.05790865384615378
21 0.07139423076923077 0.4835336538461539 0.09656250000000001 0.04620192307692301
25 0.19257211538461538 0.4785096153846154 0.07447115384615383 0.06574519230769237
23 0.30391826923076926 0.49125 0.06418269230769227 0.06348557692307698
26 0.40625 0.48817307692307693 0.0562259615384615 0.0647115384615385
27 0.5070673076923077 0.49213942307692304 0.05997596153846151 0.06526442307692303
7 0.6090144230769231 0.4746153846153846 0.062331730769230785 0.061418269230769255
8 0.7093750000000001 0.48894230769230773 0.049879807692307696 0.06072115384615383
9 0.8056009615384615 0.4752403846153846 0.059783653846153854 0.06288461538461544
10 0.9185576923076924 0.47531249999999997 0.08048076923076927 0.05750000000000004
28 0.05112980769230769 0.5737740384615384 0.05603365384615384 0.06024038461538462
29 0.149375 0.5740144230769231 0.06021634615384618 0.06257211538461546
12 0.25490384615384615 0.5901442307692307 0.06288461538461537 0.06343749999999997
2 0.3595673076923077 0.5738461538461539 0.05899038461538467 0.06225961538461533
3 0.468125 0.5830048076923077 0.07641826923076928 0.047283653846153885
4 0.5725240384615384 0.5819711538461538 0.05221153846153839 0.04586538461538458
5 0.6766346153846154 0.5818028846153847 0.06997596153846157 0.04673076923076923
6 0.7849278846153845 0.5735576923076923 0.05913461538461544 0.06168269230769237
30 0.8972115384615384 0.5819711538461538 0.08216346153846142 0.0452403846153846
31 0.052932692307692306 0.6757451923076924 0.05963942307692306 0.06266826923076935
0 0.14985576923076924 0.6924278846153846 0.053798076923076914 0.0627644230769231
15 0.24338942307692307 0.6750721153846153 0.0503846153846154 0.06314903846153842
16 0.3387019230769231 0.6913701923076924 0.05610576923076917 0.060600961538461624
17 0.4378365384615384 0.6773557692307691 0.056538461538461496 0.05848557692307702
18 0.5384615384615384 0.6840865384615384 0.061033653846153814 0.04605769230769223
19 0.642235576923077 0.684423076923077 0.065889423076923 0.044687500000000074
20 0.743798076923077 0.6920192307692308 0.05822115384615391 0.060072115384615404
21 0.8664182692307693 0.684423076923077 0.10562499999999986 0.046706730769230646
22 0.07283653846153847 0.7870673076923077 0.09942307692307692 0.052307692307692284
1 0.1992548076923077 0.794014423076923 0.06750000000000003 0.06437499999999993
11 0.31069711538461536 0.7845913461538461 0.0740625 0.04552884615384629
13 0.4173557692307692 0.7757451923076922 0.05889423076923077 0.06110576923076913
14 0.5184134615384616 0.7845192307692308 0.062331730769230785 0.04721153846153843
24 0.630985576923077 0.7766346153846153 0.08038461538461551 0.06286057692307687
25 0.7522836538461538 0.7796875000000001 0.07701923076923069 0.06899038461538473