10 0.08052884615384616 0.12290865384615385 0.036850961538461534 0.028389423076923083
22 0.1359375 0.12576923076923077 0.046658653846153836 0.023798076923076936
24 0.19288461538461538 0.12269230769230768 0.039134615384615386 0.0303125
25 0.2440144230769231 0.12314903846153845 0.03622596153846152 0.03125
11 0.2939903846153846 0.1259375 0.03384615384615387 0.02161057692307691
13 0.3391346153846154 0.12269230769230768 0.027524038461538433 0.02906250000000001
14 0.3810576923076923 0.12603365384615384 0.027644230769230768 0.02199519230769232
15 0.42264423076923074 0.12189903846153846 0.02420673076923075 0.030865384615384624
16 0.46240384615384617 0.128125 0.026778846153846122 0.027884615384615372
23 0.505 0.12872596153846153 0.02959134615384616 0.02906250000000001
26 0.5487740384615385 0.12802884615384616 0.026105769230769262 0.027692307692307683
27 0.5905048076923077 0.1297355769230769 0.027163461538461567 0.027668269230769243
28 0.6314182692307693 0.12189903846153846 0.02658653846153833 0.027427884615384607
29 0.6733173076923078 0.12254807692307691 0.029639423076923174 0.027788461538461543
30 0.7207692307692307 0.12584134615384615 0.03872596153846157 0.02158653846153847
31 0.7672836538461538 0.12189903846153846 0.027043269230769232 0.02918269230769231
2 0.8098076923076923 0.12173076923076923 0.027932692307692318 0.028605769230769244
17 0.8527644230769231 0.12278846153846154 0.027980769230769198 0.027524038461538468
18 0.8939903846153846 0.12516826923076924 0.028028846153846078 0.020889423076923073
19 0.07603365384615385 0.18108173076923076 0.028437499999999998 0.022163461538461535
20 0.11889423076923077 0.18432692307692308 0.02661057692307694 0.028677884615384633
21 0.1704326923076923 0.1816826923076923 0.047283653846153885 0.021682692307692333
1 0.2234375 0.18475961538461538 0.031370192307692335 0.027836538461538492
12 0.26908653846153846 0.18466346153846153 0.030312500000000034 0.02935096153846156
3 0.31574519230769227 0.18103365384615386 0.033966346153846146 0.02211538461538459
4 0.35901442307692305 0.1805528846153846 0.024374999999999966 0.021105769230769234
5 0.4037259615384615 0.18088942307692307 0.031370192307692335 0.0218028846153846
6 0.44822115384615385 0.1770673076923077 0.025913461538461472 0.027908653846153878
7 0.4913461538461539 0.1776201923076923 0.030576923076923144 0.02899038461538462
0 0.5338701923076923 0.18454326923076922 0.025504807692307726 0.030841346153846184
8 0.5737740384615384 0.18334134615384615 0.02288461538461534 0.028413461538461523
9 0.6131971153846153 0.17771634615384618 0.027908653846153878 0.029182692307692274
4 0.6561538461538461 0.17918269230769232 0.027956730769230758 0.025264423076923056
5 0.7074038461538461 0.17913461538461536 0.036730769230769164 0.025168269230769227
6 0.7594951923076922 0.1753125 0.03201923076923089 0.032716346153846186
7 0.8101201923076923 0.17564903846153845 0.03341346153846148 0.03365384615384615
8 0.8581971153846154 0.18259615384615382 0.026826923076923002 0.03209134615384614
9 0.9061778846153847 0.17528846153846153 0.03177884615384622 0.03293269230769228
10 0.08456730769230769 0.2316105769230769 0.0438221153846154 0.032235576923076915
11 0.1424278846153846 0.2344951923076923 0.04105769230769227 0.025985576923076927
13 0.1953605769230769 0.23079326923076923 0.031850961538461536 0.03406249999999997
14 0.2442548076923077 0.23528846153846153 0.03348557692307694 0.027572115384615382
15 0.29257211538461536 0.2302644230769231 0.028822115384615408 0.03471153846153845
16 0.3393028846153846 0.23766826923076925 0.03129807692307688 0.03235576923076925
17 0.38831730769230766 0.230625 0.029735576923076934 0.03197115384615387
18 0.43622596153846155 0.23485576923076923 0.03454326923076924 0.024975961538461575
1 0.4867548076923077 0.23932692307692308 0.03600961538461543 0.033149038461538445
12 0.5398557692307693 0.23879807692307692 0.03576923076923076 0.03461538461538463
23 0.5919471153846154 0.23980769230769233 0.03389423076923082 0.03322115384615383
26 0.6422836538461538 0.23817307692307693 0.032860576923076826 0.033341346153846166
27 0.6905288461538461 0.2384375 0.031466346153846234 0.03389423076923075
28 0.73875 0.23036057692307693 0.03173076923076934 0.03326923076923078
29 0.7875480769230769 0.2302644230769231 0.03492788461538455 0.03300480769230767
30 0.8435336538461539 0.23483173076923075 0.04557692307692317 0.026682692307692293
31 0.8972115384615384 0.23117788461538463 0.034447115384615486 0.033100961538461565
19 0.07882211538461538 0.29737980769230765 0.03574519230769232 0.026418269230769252
20 0.12884615384615386 0.3007451923076923 0.03274038461538463 0.033149038461538445
25 0.1816346153846154 0.29454326923076923 0.04045673076923073 0.037932692307692244
21 0.2482451923076923 0.29658653846153843 0.053461538461538484 0.026538461538461587
22 0.31846153846153846 0.2991346153846154 0.053125000000000054 0.028245192307692308
24 0.38524038461538457 0.2934855769230769 0.044158653846153854 0.0357932692307692
0 0.4377403846153846 0.3002884615384615 0.02899038461538462 0.0339423076923077
2 0.48588942307692307 0.29302884615384617 0.03254807692307697 0.03314903846153851
3 0.5393509615384615 0.29701923076923076 0.04163461538461537 0.02569711538461538
28 0.590985576923077 0.2909855769230769 0.035 0.03764423076923076
29 0.6458413461538461 0.2918028846153847 0.036538461538461645 0.03757211538461537
30 0.709110576923077 0.29627403846153844 0.04975961538461549 0.027644230769230768
31 0.7718750000000001 0.29086538461538464 0.03617788461538451 0.0391586538461539
2 0.8285576923076923 0.29144230769230767 0.0362500000000001 0.03685096153846157
3 0.8899759615384616 0.2960817307692307 0.045745192307692244 0.028966346153846183
4 0.07713942307692309 0.3597115384615384 0.03237980769230769 0.027451923076923117
5 0.13499999999999998 0.36002403846153846 0.04163461538461537 0.028076923076923093
13 0.19396634615384614 0.3552403846153846 0.03596153846153848 0.03569711538461544
14 0.2511057692307692 0.36072115384615383 0.036923076923076885 0.027764423076923103
15 0.3055048076923077 0.3552644230769231 0.0306730769230769 0.0391586538461539
16 0.3600961538461539 0.36394230769230773 0.0350961538461539 0.03593749999999997
17 0.41483173076923074 0.3559615384615385 0.034663461538461574 0.03543269230769233
18 0.47026442307692307 0.3599519230769231 0.03911057692307688 0.027932692307692318
19 0.5285817307692308 0.3601923076923077 0.03723557692307695 0.028413461538461523
24 0.5924519230769231 0.3557211538461538 0.04822115384615385 0.03665865384615385
25 0.6594711538461537 0.35788461538461536 0.046610576923076893 0.03925480769230765
1 0.724423076923077 0.36444711538461544 0.04088942307692305 0.039182692307692335
12 0.7846634615384616 0.36447115384615386 0.039423076923076866 0.03699519230769228
23 0.8437259615384616 0.36495192307692303 0.039086538461538436 0.037932692307692244
26 0.9015865384615385 0.3635096153846154 0.03461538461538456 0.038509615384615344
6 0.07985576923076923 0.42584134615384617 0.03435096153846152 0.03781250000000004
7 0.1373317307692308 0.42701923076923076 0.03771634615384615 0.03843750000000002
8 0.19372596153846156 0.4351201923076923 0.030288461538461525 0.03574519230769232
9 0.24771634615384613 0.4271875 0.03699519230769234 0.03704326923076929
10 0.31060096153846156 0.4282451923076923 0.047716346153846206 0.03576923076923076
11 0.37795673076923075 0.4317067307692308 0.04336538461538467 0.028197115384615428
20 0.43682692307692306 0.4355528846153846 0.034014423076923025 0.03661057692307697
21 0.5054326923076923 0.43185096153846153 0.061322115384615364 0.02923076923076929
22 0.5854807692307692 0.4333653846153846 0.05879807692307688 0.033052884615384616
0 0.6539182692307691 0.4361778846153846 0.03550480769230765 0.03786057692307692
27 0.7086057692307691 0.43632211538461535 0.03670673076923073 0.038173076923076914
0 0.7589903846153846 0.43454326923076925 0.036201923076922944 0.04146634615384615
8 0.8184615384615385 0.4343269230769231 0.033197115384615256 0.03949519230769232
9 0.8788942307692308 0.42447115384615386 0.0390625 0.04192307692307692
10 0.08942307692307692 0.4962980769230769 0.05521634615384615 0.03891826923076923
11 0.16548076923076924 0.5009855769230769 0.04937499999999998 0.030120192307692244
13 0.23194711538461538 0.49480769230769234 0.039807692307692315 0.041826923076923025
14 0.29670673076923076 0.5010336538461538 0.04050480769230775 0.031947115384615435
15 0.35807692307692307 0.49531250000000004 0.03622596153846152 0.0428125
16 0.4175721153846154 0.5056971153846154 0.038413461538461584 0.0412740384615385
17 0.4789182692307692 0.4952884615384615 0.040913461538461496 0.04108173076923071
18 0.5428125 0.5003365384615385 0.04341346153846155 0.03225961538461542
19 0.6085817307692308 0.5001682692307692 0.04271634615384611 0.031947115384615435
20 0.6726682692307692 0.5053605769230769 0.03867788461538469 0.040576923076923066
21 0.7498557692307692 0.5010336538461538 0.06944711538461536 0.03197115384615387
22 0.8402644230769231 0.5023798076923077 0.06653846153846142 0.0363701923076923
24 0.08783653846153847 0.5754807692307693 0.0555048076923077 0.0417548076923077
25 0.16463942307692306 0.5782692307692308 0.051153846153846154 0.04562500000000004
12 0.23757211538461537 0.5862499999999999 0.04245192307692307 0.04269230769230767
31 0.30257211538461537 0.5762259615384615 0.04194711538461536 0.04156250000000005
2 0.36730769230769234 0.5761538461538461 0.04262019230769235 0.04137019230769226
3 0.4354567307692308 0.5805288461538461 0.0518990384615384 0.0329807692307693
4 0.5015384615384615 0.5804086538461538 0.0363701923076923 0.03274038461538463
5 0.5673557692307692 0.5800961538461539 0.04610576923076925 0.032091346153846206
6 0.6348076923076923 0.5755048076923077 0.0402163461538462 0.04350961538461544
23 0.6999519230769231 0.5859134615384616 0.04346153846153856 0.042019230769230816
26 0.7636538461538461 0.5853365384615384 0.040384615384615276 0.04257211538461533
27 0.8272355769230769 0.5866105769230769 0.040432692307692426 0.04343749999999998
25 0.8981730769230769 0.5762259615384615 0.05699519230769239 0.050120192307692366
1 0.08307692307692308 0.6678605769230769 0.046706730769230785 0.04310096153846142
28 0.1479326923076923 0.658076923076923 0.03947115384615385 0.04122596153846148
29 0.2099519230769231 0.6571874999999999 0.04237980769230768 0.041201923076923046
30 0.2814903846153846 0.663076923076923 0.05730769230769225 0.031658653846153746
7 0.35314903846153844 0.6578124999999999 0.04389423076923075 0.04249999999999988
2 0.4126682692307692 0.6564663461538461 0.045408653846153814 0.045120192307692264
3 0.48927884615384615 0.661610576923077 0.05617788461538463 0.03403846153846146
4 0.5616586538461539 0.6608894230769231 0.038894230769230785 0.032620192307692426
5 0.634951923076923 0.6611778846153846 0.04992788461538457 0.03317307692307681
6 0.7097355769230769 0.6554807692307693 0.044831730769230714 0.04490384615384603
7 0.7814903846153847 0.6561538461538461 0.04764423076923089 0.044495192307692284
0 0.8518990384615385 0.6674278846153846 0.04069711538461526 0.0474519230769231
29 0.08341346153846155 0.736201923076923 0.04576923076923075 0.04610576923076911
30 0.16252403846153846 0.7416346153846154 0.05971153846153847 0.033870192307692386
31 0.2394230769230769 0.7360576923076922 0.04615384615384613 0.045841346153846274
8 0.3083173076923077 0.7457692307692307 0.03437500000000003 0.04211538461538457
9 0.37543269230769233 0.7363461538461539 0.04394230769230763 0.04461538461538449
10 0.45459134615384617 0.7373557692307693 0.0598076923076923 0.041394230769230836
11 0.5373557692307692 0.7420432692307692 0.05439903846153845 0.034639423076923
13 0.612764423076923 0.7357211538461539 0.04495192307692305 0.0451442307692307
14 0.6843990384615384 0.7422836538461539 0.0453365384615385 0.03514423076923078
15 0.752139423076923 0.7357211538461539 0.03882211538461533 0.04692307692307688
16 0.8194471153846153 0.7459615384615385 0.041682692307692386 0.04427884615384606
17 0.8886057692307693 0.7364423076923077 0.0429086538461539 0.04305288461538454
18 0.08353365384615384 0.8228365384615385 0.04423076923076925 0.03245192307692308
19 0.1559375 0.823389423076923 0.046706730769230785 0.03350961538461551
20 0.2275721153846154 0.8288701923076923 0.042019230769230746 0.0462980769230769
21 0.3135576923076923 0.8236298076923076 0.07514423076923074 0.03403846153846146
1 0.4016346153846154 0.8295913461538462 0.04829326923076917 0.045937500000000034
12 0.47677884615384614 0.8301201923076923 0.047235576923076866 0.048774038461538376
23 0.5509855769230769 0.8297115384615386 0.046081730769230805 0.044399038461538524
26 0.6232451923076923 0.8280288461538461 0.04276442307692299 0.04456730769230761
27 0.6939423076923077 0.8300480769230769 0.04379807692307699 0.046850961538461564
28 0.7611057692307692 0.818076923076923 0.04252403846153859 0.04399038461538451
22 0.8454086538461538 0.8261298076923077 0.07401442307692299 0.03901442307692312
24 0.9399038461538461 0.8185336538461538 0.060024038461538524 0.04697115384615376