12 0.07447115384615385 0.215 0.0907451923076923 0.0883894230769231
27 0.21942307692307692 0.2166346153846154 0.08459134615384614 0.08939903846153846
28 0.3560336538461539 0.19213942307692308 0.0794951923076923 0.08572115384615384
29 0.49360576923076926 0.1925 0.08639423076923076 0.08641826923076927
30 0.6497355769230769 0.20310096153846152 0.1177644230769231 0.0646153846153846
31 0.8043750000000001 0.19213942307692308 0.0854807692307691 0.08822115384615382
2 0.9458894230769231 0.19209134615384615 0.08564903846153846 0.085625
3 0.08367788461538463 0.3429086538461539 0.10663461538461538 0.06586538461538456
22 0.26122596153846156 0.34689903846153847 0.1429086538461539 0.07384615384615391
24 0.44730769230769235 0.3330528846153846 0.11778846153846154 0.0892067307692308
4 0.5985096153846153 0.3422115384615385 0.07353365384615379 0.06447115384615383
0 0.7304326923076924 0.3542548076923077 0.07675480769230757 0.08858173076923083
23 0.8693990384615385 0.3550721153846154 0.09153846153846164 0.08769230769230774
26 0.07009615384615385 0.49149038461538463 0.08199519230769231 0.0897836538461539
1 0.21242788461538462 0.4966346153846154 0.09591346153846156 0.08740384615384619
5 0.3646875 0.48454326923076924 0.09850961538461543 0.0657692307692308
6 0.5145432692307692 0.4731971153846154 0.08526442307692314 0.08605769230769234
7 0.6573076923076923 0.47331730769230773 0.08737980769230774 0.08629807692307687
10 0.8186057692307693 0.4751682692307692 0.11644230769230755 0.08242788461538467
20 0.0698798076923077 0.6347355769230769 0.08156249999999998 0.08360576923076916
21 0.24033653846153846 0.6233413461538462 0.14668269230769232 0.06502403846153836
11 0.41872596153846153 0.6252403846153847 0.10617788461538466 0.06341346153846153
13 0.5679086538461539 0.6115625 0.08319711538461541 0.08697115384615386
14 0.7081490384615384 0.6249759615384616 0.08786057692307682 0.06572115384615393
15 0.8434134615384615 0.6122115384615385 0.07497596153846167 0.08826923076923084
16 0.06995192307692308 0.7729326923076923 0.08173076923076923 0.08329326923076917
17 0.20713942307692307 0.7534615384615384 0.08278846153846153 0.08485576923076912
18 0.34420673076923075 0.7638221153846154 0.08872596153846146 0.06341346153846153
8 0.47951923076923075 0.7719951923076922 0.0708894230769231 0.08146634615384613
9 0.6124038461538461 0.7523557692307693 0.0836298076923076 0.08769230769230774
19 0.7558894230769231 0.7636778846153847 0.08925480769230767 0.06624999999999986
25 0.9104807692307693 0.7563221153846154 0.11043269230769244 0.09564903846153837