0 0.08901442307692307 0.16877403846153843 0.081875 0.09151442307692306
23 0.22040865384615385 0.1663701923076923 0.12406250000000003 0.0923557692307692
26 0.35117788461538463 0.16204326923076923 0.08016826923076928 0.10348557692307694
27 0.46499999999999997 0.16889423076923077 0.0956971153846154 0.0945673076923077
28 0.5787740384615384 0.1463701923076923 0.08288461538461543 0.08632211538461537
1 0.7049038461538462 0.1699278846153846 0.11740384615384623 0.0926923076923077
12 0.8517067307692308 0.17067307692307693 0.12533653846153842 0.0928605769230769
29 0.09225961538461538 0.3037740384615385 0.08269230769230768 0.09283653846153847
30 0.21 0.31430288461538464 0.10324519230769234 0.0714663461538462
31 0.3306490384615385 0.3015144230769231 0.08153846153846157 0.096826923076923
21 0.4688221153846154 0.3141586538461538 0.1429567307692307 0.07117788461538464
22 0.6367067307692308 0.31521634615384614 0.14218749999999994 0.0733173076923077
2 0.7771394230769231 0.3036778846153846 0.0837019230769232 0.0954567307692308
7 0.8922596153846154 0.3057692307692308 0.09206730769230759 0.09120192307692307
8 0.0859375 0.4852644230769231 0.07572115384615384 0.10230769230769231
9 0.19271634615384617 0.4621394230769231 0.08848557692307693 0.09564903846153851
10 0.32735576923076926 0.4676201923076923 0.12586538461538466 0.0839903846153846
11 0.4714423076923077 0.47250000000000003 0.10862980769230769 0.07112980769230763
13 0.5921153846153846 0.4637740384615385 0.08411057692307694 0.09045673076923076
14 0.7072355769230769 0.4754086538461539 0.08528846153846158 0.0712740384615384
15 0.8115384615384615 0.46081730769230766 0.07045673076923063 0.10151442307692313
16 0.9151201923076923 0.4831490384615385 0.08250000000000011 0.10093750000000003
17 0.09014423076923077 0.6233653846153846 0.0812980769230769 0.09007211538461544
3 0.21052884615384615 0.6338461538461538 0.09867788461538457 0.0685817307692307
4 0.3330528846153846 0.6304086538461539 0.08694711538461543 0.07302884615384614
5 0.4509375 0.634639423076923 0.09021634615384623 0.06733173076923074
6 0.5713942307692308 0.6184615384615384 0.08790865384615383 0.10004807692307693
18 0.6807211538461538 0.6342067307692307 0.0847836538461538 0.06649038461538453
19 0.79625 0.6314663461538461 0.09081730769230763 0.0723076923076924
20 0.9111778846153846 0.63875 0.0887499999999999 0.1038701923076924
24 0.11108173076923077 0.7834375 0.12317307692307691 0.09064903846153854
25 0.25939903846153844 0.7839903846153846 0.125673076923077 0.09137019230769229