0 0.06685096153846154 0.15379807692307693 0.03538461538461538 0.04903846153846152
30 0.14266826923076922 0.14817307692307694 0.05180288461538461 0.03538461538461538
31 0.21985576923076922 0.14225961538461537 0.04310096153846155 0.04790865384615383
2 0.2945673076923077 0.14108173076923075 0.041394230769230766 0.04865384615384617
3 0.3721875 0.14807692307692305 0.0489903846153846 0.036875000000000005
20 0.4494951923076923 0.15377403846153845 0.04045673076923073 0.04829326923076924
21 0.5358413461538462 0.14819711538461539 0.07064903846153843 0.0363701923076923
22 0.6370192307692307 0.1511298076923077 0.07038461538461532 0.043004807692307696
1 0.7316346153846154 0.15370192307692307 0.055288461538461536 0.049879807692307696
12 0.8157211538461537 0.15408653846153844 0.053461538461538484 0.05060096153846157
4 0.8941346153846154 0.146875 0.04036057692307683 0.036225961538461554
5 0.07173076923076924 0.22192307692307692 0.043846153846153854 0.036923076923076954
6 0.14600961538461538 0.2153125 0.04307692307692308 0.04944711538461537
7 0.22024038461538462 0.21625 0.045552884615384585 0.04961538461538465
8 0.29427884615384614 0.22843750000000002 0.03567307692307693 0.05165865384615387
9 0.3608173076923077 0.2166826923076923 0.04341346153846155 0.04875
10 0.44600961538461537 0.21651442307692306 0.06786057692307697 0.048389423076923066
11 0.5363461538461538 0.22247596153846153 0.04764423076923075 0.036394230769230804
13 0.6128605769230769 0.21610576923076924 0.04098557692307681 0.0493269230769231
14 0.6878605769230769 0.22225961538461536 0.04331730769230765 0.035889423076923097
15 0.7631490384615385 0.21713942307692308 0.044495192307692284 0.047956730769230745
16 0.8347115384615384 0.22848557692307692 0.04341346153846141 0.050048076923076903
17 0.06949519230769231 0.2950480769230769 0.04112980769230769 0.0492307692307692
18 0.14271634615384615 0.3010096153846154 0.045072115384615384 0.03596153846153841
19 0.2185817307692308 0.30175480769230767 0.0439423076923077 0.03689903846153852
23 0.29911057692307697 0.3077884615384615 0.052211538461538524 0.05067307692307688
26 0.3751923076923077 0.3079807692307692 0.03437500000000003 0.04932692307692303
27 0.44487980769230767 0.3083413461538462 0.039807692307692315 0.05007211538461535
28 0.5165865384615385 0.29528846153846156 0.044158653846153854 0.047283653846153885
29 0.5914423076923077 0.29588942307692306 0.04278846153846157 0.0492067307692307
24 0.6756490384615385 0.29538461538461536 0.061706730769230674 0.049879807692307696
25 0.7672115384615386 0.2987980769230769 0.05774038461538457 0.054326923076923064
0 0.8477884615384615 0.3057451923076923 0.03862980769230781 0.05343750000000004
27 0.9242067307692309 0.3067307692307692 0.04211538461538457 0.052019230769230734
28 0.07052884615384615 0.37439903846153844 0.04663461538461538 0.05170673076923075
29 0.15228365384615386 0.3755048076923077 0.0469951923076923 0.05185096153846152
30 0.23980769230769233 0.38173076923076926 0.05552884615384614 0.038846153846153905
31 0.3242307692307692 0.37504807692307696 0.045793269230769255 0.05124999999999998
2 0.4039903846153846 0.37478365384615386 0.04548076923076927 0.05245192307692306
17 0.4856009615384615 0.37439903846153844 0.04403846153846152 0.05338942307692303
18 0.5650240384615385 0.3811538461538462 0.046610576923076893 0.0391586538461539
1 0.6523798076923076 0.38798076923076924 0.05819711538461547 0.05134615384615388
12 0.7459375 0.38819711538461543 0.05814903846153859 0.0535336538461538
3 0.8347115384615384 0.3815865384615385 0.0519951923076923 0.0385817307692308
4 0.920264423076923 0.3815865384615385 0.04281249999999987 0.0385817307692308
5 0.07274038461538462 0.4603846153846154 0.047620192307692294 0.039615384615384656
6 0.15497596153846155 0.4538461538461539 0.04552884615384615 0.05158653846153841
7 0.23629807692307692 0.4542788461538461 0.048485576923076895 0.051730769230769184
8 0.31596153846153846 0.46723557692307693 0.037836538461538484 0.053605769230769255
9 0.3886538461538462 0.4543269230769231 0.04586538461538458 0.05185096153846152
24 0.48050480769230763 0.45519230769230773 0.0647115384615385 0.05165865384615387
10 0.5830528846153846 0.4547596153846154 0.07235576923076928 0.05103365384615389
11 0.6810817307692307 0.46088942307692304 0.050360576923077036 0.03920673076923077
13 0.7661057692307692 0.4544951923076923 0.04524038461538474 0.052211538461538524
14 0.8464903846153846 0.4609375 0.04634615384615378 0.039326923076923107
15 0.927860576923077 0.4548317307692308 0.04586538461538471 0.052836538461538504
16 0.07259615384615384 0.5505528846153847 0.04557692307692308 0.0519951923076923
23 0.15810096153846154 0.5506009615384616 0.05694711538461538 0.05206730769230775
26 0.2420192307692308 0.5513461538461539 0.03762019230769232 0.05358173076923082
19 0.31992788461538463 0.544639423076923 0.047187499999999986 0.03781250000000004
20 0.4015384615384615 0.5511538461538461 0.04242788461538456 0.053221153846153814
21 0.4979567307692308 0.5449278846153847 0.07557692307692307 0.039038461538461564
22 0.6075240384615385 0.5475721153846154 0.07492788461538466 0.04605769230769237
25 0.7115144230769231 0.5417067307692307 0.06485576923076927 0.05927884615384622
28 0.8008413461538461 0.534639423076923 0.051201923076922964 0.057932692307692366
29 0.8901442307692308 0.5349759615384616 0.05067307692307702 0.05692307692307694
30 0.07927884615384614 0.6309375 0.060697115384615384 0.04278846153846143
31 0.1707451923076923 0.6232451923076923 0.049591346153846146 0.05656249999999993
2 0.2588942307692308 0.622764423076923 0.049014423076923115 0.057355769230769266
3 0.3502403846153846 0.6302884615384615 0.05831730769230767 0.04317307692307701
4 0.4408413461538461 0.6304326923076923 0.047187499999999986 0.0417548076923077
20 0.5280528846153846 0.6378365384615384 0.04822115384615385 0.05831730769230767
21 0.6309134615384615 0.630576923076923 0.08221153846153857 0.04204326923076925
22 0.7500480769230768 0.6342307692307692 0.08185096153846143 0.04937499999999991
0 0.8512259615384615 0.6378365384615384 0.041730769230769266 0.05829326923076923
1 0.9418269230769231 0.6375240384615384 0.06360576923076931 0.057692307692307696
5 0.0755048076923077 0.7162499999999999 0.05314903846153846 0.045120192307692264
6 0.16480769230769232 0.708173076923077 0.04973557692307692 0.057884615384615486
7 0.2517548076923077 0.7085336538461539 0.053653846153846135 0.05718749999999991
11 0.34521634615384617 0.7165625 0.05685096153846148 0.044014423076922944
13 0.43639423076923073 0.7086057692307691 0.04860576923076916 0.055576923076923086
14 0.5240144230769231 0.715889423076923 0.05043269230769235 0.04269230769230767
15 0.6126201923076923 0.7092548076923078 0.04906250000000006 0.056874999999999926
16 0.6973076923076923 0.7233413461538463 0.048437499999999946 0.055865384615384636
17 0.7835096153846154 0.7086538461538462 0.047427884615384656 0.056298076923076826
18 0.8700721153846154 0.7155528846153847 0.05057692307692299 0.042019230769230816
19 0.9614663461538462 0.7165625 0.05134615384615388 0.04293269230769234
12 0.08074519230769231 0.81125 0.0636298076923077 0.05836538461538455
23 0.18033653846153846 0.8112259615384616 0.0619230769230769 0.05651442307692305
26 0.2697836538461539 0.8118028846153845 0.04161057692307693 0.057644230769230816
27 0.351875 0.8111778846153845 0.046129807692307685 0.05814903846153859
8 0.4332932692307692 0.8121153846153846 0.04240384615384612 0.057163461538461476
9 0.5125961538461539 0.7970432692307692 0.04990384615384613 0.05733173076923082
10 0.6151442307692307 0.7966346153846153 0.07985576923076916 0.056538461538461496
24 0.7282692307692307 0.7971634615384615 0.0708894230769231 0.05651442307692305
25 0.8356490384615385 0.8005048076923077 0.06930288461538471 0.06425480769230774