0 0.06343750000000001 0.18951923076923077 0.06108173076923076 0.08552884615384612
1 0.2028125 0.18954326923076922 0.09185096153846156 0.08305288461538464
28 0.34526442307692307 0.1690625 0.07819711538461532 0.0876442307692308
29 0.4808894230769231 0.16838942307692306 0.07612980769230773 0.08375
30 0.6240384615384615 0.1789903846153846 0.09170673076923072 0.0644471153846154
31 0.7631971153846154 0.16814903846153847 0.0739663461538461 0.08581730769230773
2 0.8975000000000001 0.16649038461538462 0.0748557692307692 0.0843269230769231
3 0.07362980769230767 0.31151442307692306 0.08653846153846154 0.06632211538461533
4 0.21286057692307692 0.31007211538461543 0.07115384615384614 0.06348557692307698
5 0.3477403846153846 0.3116826923076923 0.07810096153846156 0.06415865384615384
6 0.48637019230769235 0.30014423076923075 0.07444711538461532 0.08663461538461537
12 0.6281730769230769 0.32177884615384617 0.09237980769230757 0.0868990384615384
20 0.7690625 0.3228365384615385 0.07305288461538459 0.08649038461538466
21 0.9276201923076923 0.31185096153846154 0.12701923076923086 0.06197115384615392
22 0.09295673076923078 0.45009615384615387 0.12266826923076923 0.07276442307692303
7 0.25016826923076924 0.4354567307692308 0.0803125 0.0865144230769231
8 0.38103365384615384 0.4553125 0.05860576923076922 0.08824519230769226
23 0.511826923076923 0.4547836538461538 0.09499999999999996 0.08718749999999996
26 0.6485336538461539 0.4572836538461538 0.062235576923076893 0.08711538461538464
27 0.7735817307692308 0.4564663461538461 0.06687500000000011 0.08552884615384612
13 0.9040625 0.4340865384615385 0.06975961538461534 0.08374999999999994
14 0.06853365384615386 0.5772596153846153 0.07382211538461539 0.061418269230769255
15 0.20346153846153847 0.5662019230769231 0.0754326923076923 0.08483173076923081
16 0.3332451923076923 0.5878605769230769 0.07439903846153843 0.08514423076923067
17 0.4658894230769231 0.5664182692307692 0.0714663461538462 0.08528846153846158
18 0.5974278846153847 0.5765625 0.07641826923076928 0.06504807692307693
19 0.7345192307692308 0.5772355769230769 0.07661057692307693 0.061370192307692244
9 0.8705528846153846 0.565625 0.0761298076923076 0.08622596153846154
10 0.08973557692307692 0.6995192307692307 0.11875000000000001 0.0832451923076923
11 0.2526923076923077 0.7093750000000001 0.08281249999999997 0.062475961538461564
24 0.40831730769230773 0.6996153846153846 0.10812500000000004 0.0859375
25 0.5723076923076924 0.704951923076923 0.10461538461538457 0.09665865384615394