0 0.09649038461538462 0.13213942307692308 0.08925480769230767 0.1276201923076923
26 0.19899038461538462 0.13454326923076923 0.08925480769230767 0.12740384615384615
27 0.30451923076923076 0.13430288461538462 0.10045673076923081 0.12689903846153847
28 0.4184855769230769 0.10036057692307693 0.11076923076923073 0.12225961538461541
29 0.540625 0.10103365384615384 0.10961538461538467 0.12617788461538465
3 0.6694711538461539 0.11730769230769231 0.12435096153846158 0.0929326923076923
4 0.7952884615384614 0.11615384615384614 0.10528846153846143 0.09060096153846153
5 0.9177884615384616 0.11687499999999998 0.11492788461538475 0.0945673076923077
6 0.1053125 0.2994711538461538 0.11192307692307693 0.12829326923076925
1 0.23959134615384617 0.3335817307692308 0.13757211538461536 0.12819711538461534
12 0.38961538461538464 0.3350240384615385 0.13653846153846155 0.12855769230769235
23 0.5344951923076923 0.3336778846153846 0.13778846153846153 0.12588942307692308
7 0.665673076923077 0.3011298076923077 0.11677884615384625 0.12403846153846153
2 0.7900240384615385 0.30074519230769237 0.1073798076923076 0.12576923076923074
13 0.9076923076923078 0.30153846153846153 0.10740384615384603 0.12483173076923079
14 0.10403846153846154 0.5156009615384616 0.11194711538461537 0.09245192307692303
15 0.22545673076923078 0.4996875 0.11002403846153849 0.12641826923076932
8 0.32915865384615384 0.5316586538461539 0.08899038461538457 0.12963942307692308
9 0.42778846153846156 0.4997355769230769 0.1091105769230769 0.1239423076923077
10 0.5801201923076923 0.5004086538461539 0.1759375 0.12281249999999994
11 0.7410817307692308 0.5143028846153845 0.1233413461538463 0.09235576923076927
30 0.8804567307692307 0.5153605769230769 0.1313461538461538 0.09192307692307694
31 0.09879807692307695 0.6987259615384616 0.1115625 0.12466346153846157
16 0.2197355769230769 0.7323798076923077 0.1080048076923077 0.12617788461538465
18 0.33754807692307687 0.7135817307692308 0.11336538461538467 0.09367788461538468
19 0.4606971153846154 0.7160336538461538 0.11168269230769226 0.09187500000000007
20 0.582860576923077 0.7318028846153847 0.1055288461538461 0.12759615384615394
17 0.6965625 0.6992307692307692 0.10266826923076931 0.12567307692307686
21 0.8529326923076923 0.7164663461538462 0.18512019230769228 0.09334134615384625
22 0.13971153846153844 0.9213461538461538 0.18326923076923077 0.109375
24 0.3205048076923077 0.8977884615384616 0.16026442307692312 0.1255288461538462
25 0.4876923076923077 0.9047836538461538 0.15610576923076921 0.13954326923076912