20 0.07300480769230769 0.06961538461538462 0.05586538461538462 0.07314903846153845
21 0.16509615384615386 0.062475961538461536 0.08725961538461541 0.05485576923076923
1 0.2714182692307692 0.06923076923076923 0.08009615384615383 0.07033653846153845
4 0.36259615384615385 0.06153846153846154 0.0541105769230769 0.05697115384615385
5 0.4398557692307692 0.06206730769230769 0.062427884615384545 0.05603365384615385
6 0.5218990384615385 0.054663461538461536 0.054182692307692355 0.07326923076923077
7 0.5944471153846154 0.056033653846153844 0.055096153846153885 0.07002403846153847
8 0.6688461538461539 0.07153846153846154 0.04961538461538458 0.07497596153846155
9 0.7406250000000001 0.05490384615384615 0.052980769230769144 0.07173076923076922
10 0.834326923076923 0.0553125 0.0861298076923078 0.06855769230769232
11 0.9317307692307693 0.06237980769230769 0.05855769230769234 0.05463942307692307
13 0.07021634615384616 0.17254807692307692 0.05230769230769232 0.070625
14 0.14716346153846155 0.18074519230769232 0.057932692307692296 0.054999999999999986
15 0.22283653846153847 0.1711778846153846 0.04891826923076922 0.0719230769230769
16 0.2985336538461538 0.18942307692307692 0.05819711538461533 0.07637019230769233
17 0.37454326923076925 0.17322115384615386 0.05396634615384613 0.07067307692307694
12 0.46682692307692303 0.1878125 0.08028846153846149 0.06935096153846153
23 0.5727163461538461 0.18771634615384616 0.08173076923076923 0.07165865384615386
22 0.680673076923077 0.18031250000000001 0.08531250000000003 0.05612980769230768
24 0.7877884615384616 0.1730528846153846 0.07516826923076919 0.06968750000000003
25 0.8870432692307693 0.17391826923076922 0.07937499999999996 0.06939903846153847
28 0.07024038461538461 0.2917307692307692 0.054326923076923064 0.07466346153846154
29 0.14646634615384616 0.29343749999999996 0.05252403846153848 0.0700480769230769
30 0.22622596153846153 0.3010096153846154 0.061850961538461514 0.0551682692307692
31 0.3061298076923077 0.2941826923076923 0.0573798076923077 0.06954326923076924
2 0.38427884615384617 0.2935336538461538 0.05249999999999994 0.07223557692307694
3 0.46387019230769233 0.30122596153846154 0.06235576923076923 0.056778846153846166
0 0.5449278846153847 0.3077644230769231 0.054182692307692355 0.07064903846153843
26 0.6224759615384615 0.30790865384615385 0.052163461538461645 0.07295673076923083
27 0.6988701923076923 0.3091586538461539 0.053557692307692244 0.07343750000000003
18 0.7769230769230769 0.3013701923076923 0.05944711538461543 0.05588942307692308
19 0.8606490384615384 0.3013221153846154 0.06062500000000007 0.055769230769230745
5 0.08367788461538463 0.43901442307692307 0.0791826923076923 0.07475961538461544
6 0.19125 0.42817307692307693 0.07403846153846157 0.09382211538461532
7 0.28951923076923075 0.42947115384615386 0.0724278846153846 0.09372596153846156
8 0.38846153846153847 0.45096153846153847 0.06377403846153853 0.0986538461538462
0 0.48653846153846153 0.44908653846153845 0.07165865384615386 0.0929086538461538
1 0.6076923076923078 0.4486298076923077 0.10360576923076928 0.09399038461538467
12 0.7485096153846154 0.44906250000000003 0.1068028846153845 0.096826923076923
23 0.8890384615384614 0.4494230769230769 0.1073798076923076 0.09430288461538466
26 0.07877403846153846 0.6090144230769231 0.0694230769230769 0.09420673076923076
27 0.18040865384615384 0.6090865384615385 0.07036057692307694 0.09639423076923083
28 0.2810096153846154 0.5868509615384615 0.0732211538461538 0.09795673076923077
29 0.3841346153846154 0.588701923076923 0.06913461538461536 0.09367788461538454
30 0.4912980769230769 0.5982692307692308 0.08115384615384613 0.07673076923076913
17 0.5978365384615384 0.589158653846154 0.06987980769230781 0.09257211538461536
18 0.7014903846153846 0.5983173076923077 0.07887019230769245 0.0748557692307692
19 0.8110336538461538 0.5978365384615384 0.07959134615384619 0.07384615384615391
20 0.9210096153846153 0.6080048076923077 0.07519230769230763 0.09622596153846147
21 0.09874999999999999 0.7566105769230769 0.11538461538461539 0.07490384615384607
22 0.24389423076923075 0.7560817307692307 0.1171875 0.07353365384615393
24 0.38586538461538467 0.7475961538461539 0.10468750000000003 0.09295673076923067
3 0.5075000000000001 0.7563221153846154 0.0794951923076923 0.07435096153846142
4 0.6142548076923077 0.7565384615384616 0.06862980769230773 0.07478365384615387
9 0.7159134615384615 0.7476201923076923 0.06766826923076917 0.09098557692307697
10 0.8387259615384616 0.7486298076923077 0.11293269230769235 0.09100961538461541
25 0.09555288461538461 0.9070192307692307 0.10295673076923076 0.09129807692307697
31 0.21459134615384615 0.9072115384615385 0.07661057692307693 0.0916346153846154
2 0.31790865384615385 0.9070673076923076 0.06889423076923083 0.09137019230769229
11 0.4250721153846154 0.9157932692307693 0.0809134615384616 0.07276442307692303
13 0.5312259615384616 0.9067788461538462 0.06884615384615381 0.09281250000000003
14 0.6347836538461539 0.9153846153846155 0.07365384615384613 0.07596153846153851
15 0.7360096153846154 0.9040625 0.06177884615384626 0.09338942307692313
16 0.8369471153846154 0.9280528846153846 0.07336538461538457 0.09649038461538459