29 0.033701923076923074 0.20838942307692307 0.03596153846153846 0.046947115384615386
30 0.08687500000000001 0.2126923076923077 0.042475961538461546 0.04076923076923079
31 0.14026442307692308 0.20819711538461538 0.04014423076923078 0.046562500000000014
2 0.19213942307692308 0.20757211538461537 0.034783653846153846 0.04716346153846155
0 0.24370192307692307 0.21822115384615384 0.03805288461538465 0.04836538461538463
1 0.30314903846153846 0.21795673076923078 0.053413461538461535 0.04759615384615387
3 0.3672115384615384 0.21312499999999998 0.04283653846153845 0.03790865384615387
4 0.4193990384615385 0.21310096153846156 0.034423076923076903 0.03786057692307692
5 0.47247596153846155 0.21266826923076923 0.04072115384615384 0.038894230769230785
6 0.5265384615384615 0.20689903846153845 0.03608173076923075 0.045793269230769255
7 0.5762740384615385 0.20870192307692306 0.03757211538461537 0.047572115384615365
8 0.6257211538461539 0.21807692307692308 0.03288461538461526 0.051514423076923097
9 0.6746153846153846 0.2081730769230769 0.036057692307692304 0.04836538461538463
15 0.7232692307692308 0.20798076923076922 0.031658653846153746 0.04985576923076925
16 0.7723076923076923 0.21836538461538463 0.03819711538461535 0.0484134615384615
17 0.8251923076923077 0.20713942307692307 0.03572115384615388 0.046322115384615406
18 0.876875 0.21290865384615382 0.041490384615384596 0.037499999999999985
19 0.03658653846153846 0.29302884615384617 0.041754807692307695 0.0379086538461538
20 0.09247596153846153 0.2980769230769231 0.038870192307692314 0.04882211538461539
21 0.15382211538461538 0.29218749999999993 0.05798076923076924 0.038894230769230785
22 0.2258653846153846 0.29230769230769227 0.05971153846153847 0.0391586538461539
12 0.29872596153846154 0.29754807692307694 0.055673076923076915 0.04961538461538458
23 0.3691346153846154 0.29742788461538466 0.0541105769230769 0.04749999999999998
26 0.4308894230769231 0.29754807692307694 0.0352163461538461 0.04961538461538458
27 0.48237980769230765 0.2977644230769231 0.03651442307692307 0.048197115384615415
28 0.5318509615384616 0.2863701923076923 0.0374278846153846 0.04944711538461537
24 0.5922355769230769 0.2878846153846154 0.05281250000000007 0.04875
10 0.6613701923076923 0.2881971153846154 0.0579567307692308 0.04572115384615387
11 0.7258653846153845 0.29250000000000004 0.04084134615384617 0.039519230769230765
25 0.7896394230769231 0.28810096153846154 0.05189903846153854 0.0473557692307692
13 0.8475721153846153 0.2882451923076923 0.036490384615384494 0.047668269230769195
14 0.9006490384615385 0.2926682692307692 0.040961538461538376 0.03983173076923075
0 0.03728365384615385 0.3786298076923077 0.043125000000000004 0.05274038461538461
23 0.1034375 0.3780769230769231 0.058966346153846154 0.053461538461538484
26 0.16860576923076923 0.37855769230769226 0.039471153846153816 0.054471153846153905
27 0.22499999999999998 0.3786298076923077 0.039519230769230765 0.05274038461538461
28 0.27911057692307695 0.3664663461538461 0.0404567307692308 0.054326923076923134
29 0.3345673076923077 0.36766826923076923 0.038605769230769235 0.05117788461538467
30 0.3915625 0.37314903846153846 0.0453365384615385 0.04180288461538458
31 0.45096153846153847 0.36836538461538465 0.04211538461538457 0.05069711538461533
22 0.5191105769230769 0.3724278846153846 0.06374999999999996 0.04221153846153847
1 0.5975480769230769 0.3786298076923077 0.059735576923076975 0.0545913461538461
7 0.6614423076923077 0.3683173076923077 0.04329326923076921 0.05245192307692306
8 0.71375 0.37927884615384616 0.036971153846153834 0.05588942307692308
9 0.7657211538461539 0.36730769230769234 0.039230769230769354 0.05043269230769235
10 0.8347115384615384 0.368125 0.0647355769230768 0.05031250000000002
11 0.9036057692307692 0.37228365384615386 0.04500000000000007 0.04189903846153848
14 0.037788461538461535 0.459375 0.04413461538461538 0.04228365384615378
15 0.09252403846153846 0.45382211538461537 0.03526442307692308 0.055192307692307645
16 0.1457451923076923 0.46584134615384615 0.04 0.05334134615384615
17 0.2030048076923077 0.4548798076923077 0.038028846153846135 0.05175480769230777
18 0.25713942307692306 0.45951923076923074 0.04461538461538462 0.04257211538461533
13 0.3152644230769231 0.45454326923076926 0.04064903846153852 0.05110576923076921
19 0.37240384615384614 0.45975961538461535 0.04586538461538458 0.0430288461538461
20 0.4338701923076923 0.4656730769230769 0.0430288461538461 0.054855769230769215
12 0.4991105769230769 0.4652403846153846 0.060697115384615384 0.05216346153846151
24 0.5744230769230769 0.45439903846153845 0.057860576923076903 0.05266826923076929
25 0.6469230769230769 0.4544951923076923 0.0586538461538461 0.05252403846153852
2 0.7107451923076924 0.45447115384615383 0.040192307692307756 0.05281250000000007
3 0.769375 0.45992788461538464 0.046514423076923134 0.0433894230769231
4 0.8268990384615384 0.45983173076923073 0.04026442307692308 0.04317307692307688
5 0.8844711538461538 0.45959134615384617 0.045552884615384724 0.04269230769230767
6 0.9425961538461538 0.45411057692307694 0.03978365384615374 0.052259615384615404
21 0.04711538461538462 0.5510576923076923 0.0628125 0.0425480769230769
0 0.1157451923076923 0.5553846153846154 0.042884615384615396 0.054903846153846095
17 0.1758173076923077 0.5441346153846154 0.0428125 0.0545913461538461
18 0.2353605769230769 0.5501442307692308 0.047283653846153885 0.044447115384615404
19 0.30088942307692307 0.5503605769230769 0.04701923076923077 0.04490384615384617
20 0.3644230769230769 0.5564182692307692 0.04653846153846157 0.05699519230769226
21 0.43721153846153843 0.5499759615384615 0.06822115384615383 0.04336538461538467
1 0.5202884615384615 0.5550961538461539 0.0624038461538461 0.056201923076923066
12 0.6020673076923078 0.5554567307692307 0.06692307692307686 0.05692307692307694
24 0.6831009615384616 0.5443028846153847 0.060745192307692264 0.05492788461538467
30 0.7533173076923076 0.5498798076923077 0.049543269230769266 0.043918269230769184
31 0.81625 0.5449759615384615 0.04596153846153847 0.0563221153846154
2 0.8765624999999999 0.544639423076923 0.04271634615384611 0.05564903846153841
3 0.9396634615384615 0.5500240384615385 0.04870192307692305 0.044206730769230734
4 0.03764423076923077 0.6407932692307692 0.0419951923076923 0.044543269230769164
5 0.09831730769230769 0.6413942307692307 0.04870192307692309 0.045745192307692244
6 0.1611778846153846 0.6351201923076922 0.04314903846153843 0.05550480769230777
7 0.21817307692307694 0.6360096153846153 0.04430288461538463 0.05531249999999998
8 0.27694711538461536 0.6485576923076923 0.0380048076923077 0.060072115384615404
9 0.33216346153846155 0.635576923076923 0.0430288461538461 0.05444711538461533
10 0.40497596153846155 0.6359134615384616 0.06843749999999993 0.05324519230769225
11 0.48028846153846155 0.6407451923076923 0.04711538461538467 0.044447115384615404
13 0.5423317307692308 0.6361538461538461 0.041730769230769266 0.055624999999999966
14 0.6040625 0.641875 0.045024038461538504 0.044831730769230714
15 0.6614423076923077 0.6353846153846153 0.03776442307692317 0.05774038461538457
16 0.7212259615384615 0.6478846153846154 0.04637019230769222 0.056874999999999926
22 0.7935096153846154 0.6408413461538461 0.06891826923076913 0.044639423076923194
25 0.8782451923076924 0.6366586538461539 0.06271634615384623 0.05846153846153858
23 0.9579326923076923 0.6467788461538462 0.06302884615384621 0.05651442307692305
26 0.037980769230769235 0.7414423076923077 0.04084134615384616 0.05723557692307679
27 0.09721153846153846 0.7415384615384616 0.04278846153846153 0.05742788461538458
28 0.15569711538461536 0.7285576923076923 0.04324519230769233 0.05733173076923082
29 0.21572115384615384 0.7302403846153845 0.041249999999999995 0.055144230769230904