12 0.17992788461538461 0.10524038461538462 0.13927884615384614 0.12000000000000004
30 0.30600961538461535 0.09252403846153846 0.10012019230769233 0.09737980769230771
31 0.4069951923076923 0.08103365384615385 0.09564903846153851 0.11682692307692309
2 0.504375 0.08100961538461539 0.0868269230769231 0.11675480769230767
3 0.604423076923077 0.09355769230769231 0.1031009615384615 0.09377403846153844
4 0.7050480769230769 0.09079326923076923 0.08656249999999997 0.09146634615384615
5 0.8055528846153847 0.09310096153846154 0.10093750000000003 0.09286057692307695
6 0.15509615384615383 0.28151442307692304 0.09329326923076924 0.12185096153846153
7 0.2421875 0.2826201923076923 0.09012019230769233 0.11560096153846161
8 0.33555288461538463 0.31072115384615384 0.0800721153846154 0.12653846153846152
9 0.42252403846153846 0.2830769230769231 0.08997596153846156 0.11651442307692307
10 0.5471634615384615 0.2853846153846154 0.14692307692307693 0.11826923076923074
11 0.6766586538461539 0.2959615384615385 0.10050480769230756 0.09137019230769229
13 0.7779326923076924 0.2834615384615385 0.08812499999999993 0.11725961538461539
0 0.15514423076923078 0.5133653846153846 0.09249999999999997 0.1189182692307693
1 0.2746153846153846 0.5131730769230769 0.13348557692307692 0.12139423076923077
14 0.39865384615384614 0.5007692307692307 0.0959615384615385 0.09658653846153847
15 0.4896875 0.4860336538461538 0.0772355769230769 0.1208413461538461
25 0.6025240384615385 0.4877403846153846 0.1303846153846154 0.11858173076923073
16 0.7217307692307693 0.5150721153846154 0.09449519230769218 0.12233173076923073
17 0.8194951923076924 0.48783653846153846 0.08637019230769219 0.11877403846153839
18 0.15497596153846155 0.7019471153846154 0.10216346153846154 0.09449519230769218
23 0.28112980769230766 0.7142788461538461 0.13521634615384615 0.11855769230769243
21 0.4293509615384616 0.7018990384615384 0.1432211538461538 0.09439903846153842
22 0.5806009615384616 0.7021153846153846 0.14875 0.09485576923076931
26 0.7029086538461539 0.7168509615384615 0.09076923076923074 0.1243028846153847
27 0.7989903846153846 0.7155769230769231 0.09064903846153854 0.12331730769230759
28 0.8938942307692308 0.6875961538461539 0.09096153846153854 0.1223076923076923
29 0.15245192307692307 0.8946634615384615 0.08716346153846152 0.11793269230769245
19 0.2533173076923077 0.9070673076923076 0.10223557692307693 0.09466346153846153
20 0.35646634615384615 0.9207692307692308 0.09358173076923079 0.12492788461538468
24 0.4758413461538461 0.8947355769230769 0.12872596153846155 0.12088942307692299