12 0.11144230769230769 0.22786057692307693 0.10536057692307696 0.09382211538461539
31 0.22877403846153846 0.20951923076923076 0.07562500000000003 0.091875
2 0.3292548076923077 0.20971153846153845 0.07091346153846154 0.09223557692307693
3 0.43098557692307693 0.21848557692307694 0.08206730769230766 0.07240384615384617
4 0.5344951923076923 0.2189182692307692 0.0700480769230769 0.07322115384615387
5 0.6370432692307693 0.2187019230769231 0.08016826923076928 0.07550480769230769
6 0.7414903846153845 0.20891826923076923 0.07151442307692307 0.09331730769230767
7 0.8354807692307692 0.20944711538461538 0.07108173076923088 0.09168269230769227
8 0.0908173076923077 0.3821875 0.06677884615384616 0.0979807692307692
9 0.1824519230769231 0.36125 0.0711057692307692 0.0934855769230769
10 0.3027884615384615 0.36158653846153843 0.11146634615384617 0.08882211538461536
11 0.4261778846153846 0.3702644230769231 0.0804567307692307 0.07411057692307689
0 0.5325961538461539 0.37985576923076925 0.07161057692307697 0.0906490384615384
18 0.6338461538461538 0.37012019230769233 0.07802884615384624 0.07382211538461533
19 0.7390865384615384 0.36860576923076926 0.07858173076923063 0.07350961538461534
20 0.8451442307692307 0.38064903846153847 0.07706730769230784 0.09487980769230762
21 0.11252403846153847 0.5218990384615385 0.1128605769230769 0.0729086538461538
22 0.25259615384615386 0.5237259615384615 0.1152403846153846 0.0712019230769231
24 0.38985576923076926 0.5151682692307692 0.1012980769230769 0.09149038461538463
25 0.5194471153846154 0.5146634615384615 0.10673076923076917 0.09050480769230763
23 0.6524759615384615 0.5330288461538462 0.10305288461538463 0.09250000000000004
26 0.771201923076923 0.5349038461538462 0.06802884615384605 0.09622596153846161
27 0.8706490384615384 0.5340625 0.06927884615384627 0.0945432692307692
28 0.09415865384615385 0.6654567307692307 0.07346153846153847 0.0956009615384615
29 0.19163461538461538 0.6682211538461539 0.0707932692307692 0.09045673076923076
30 0.29375 0.6765384615384615 0.08266826923076927 0.07502403846153854
1 0.41427884615384614 0.6858413461538462 0.1047355769230769 0.0936298076923078
13 0.5323317307692308 0.6678365384615385 0.06841346153846149 0.08966346153846143
14 0.6329086538461539 0.6765384615384615 0.07725961538461536 0.07502403846153854
15 0.7296634615384616 0.6666586538461539 0.062427884615384684 0.09264423076923069
16 0.8261538461538461 0.6876442307692308 0.0737740384615386 0.09454326923076933
17 0.9263461538461539 0.6679326923076924 0.06850961538461539 0.08985576923076923