0 0.10923076923076923 0.15548076923076926 0.08326923076923078 0.1051442307692308
28 0.22617788461538463 0.13204326923076923 0.08579326923076923 0.11235576923076922
29 0.34391826923076924 0.13463942307692306 0.07783653846153846 0.10550480769230769
30 0.46334134615384615 0.14528846153846153 0.0943269230769231 0.08776442307692306
31 0.5845192307692307 0.13483173076923077 0.08733173076923073 0.1058894230769231
2 0.7019230769230769 0.13540865384615383 0.0819711538461539 0.10706730769230767
3 0.8215384615384616 0.1457451923076923 0.09562499999999993 0.08567307692307692
4 0.10745192307692308 0.3236057692307692 0.08271634615384614 0.08680288461538464
5 0.22680288461538461 0.32326923076923075 0.09305288461538463 0.08915865384615379
1 0.3674519230769231 0.3330769230769231 0.12194711538461543 0.10877403846153846
12 0.5271634615384616 0.3327403846153846 0.12283653846153851 0.10807692307692303
6 0.6660817307692307 0.3110576923076923 0.08218749999999986 0.1037740384615385
7 0.7771394230769231 0.3127403846153846 0.08490384615384627 0.10713942307692306
8 0.8908894230769231 0.3363461538461538 0.07805288461538468 0.1122836538461538
9 0.10646634615384615 0.49353365384615383 0.08072115384615385 0.10923076923076923
10 0.2479326923076923 0.494375 0.12930288461538458 0.1068509615384615
11 0.3952403846153846 0.5021875 0.09336538461538456 0.08639423076923076
13 0.5152644230769231 0.493125 0.08100961538461536 0.10733173076923072
16 0.6329326923076923 0.5157692307692308 0.08800480769230773 0.11355769230769233
17 0.7501442307692308 0.49182692307692305 0.08201923076923077 0.1077403846153846
18 0.8662980769230769 0.5020673076923077 0.0935576923076922 0.08617788461538467
14 0.11151442307692308 0.682451923076923 0.08783653846153844 0.08637019230769219
24 0.2478846153846154 0.674110576923077 0.12016826923076926 0.10574519230769233
25 0.40002403846153844 0.6729567307692308 0.12098557692307689 0.10528846153846143
15 0.5315144230769231 0.6704807692307693 0.07442307692307687 0.11050480769230776
23 0.6627884615384616 0.6933653846153847 0.12365384615384628 0.10819711538461536
26 0.8013461538461539 0.6958894230769231 0.08223557692307701 0.1102163461538462
27 0.916923076923077 0.6951201923076924 0.08502403846153847 0.11170673076923084
19 0.11372596153846154 0.8618990384615385 0.09524038461538463 0.0846634615384616
20 0.2384375 0.8747355769230769 0.08625 0.10923076923076937
21 0.3781730769230769 0.8614663461538462 0.12834134615384613 0.08680288461538464
22 0.5435576923076924 0.8607692307692307 0.1346153846153846 0.08543269230769222