0 0.07644230769230768 0.20151442307692308 0.08632211538461537 0.11639423076923074
23 0.19579326923076923 0.2013221153846154 0.13274038461538462 0.11603365384615387
26 0.30783653846153847 0.2029567307692308 0.08125000000000003 0.11747596153846154
27 0.4028365384615385 0.20346153846153847 0.08264423076923076 0.11846153846153847
28 0.49283653846153846 0.17514423076923077 0.0869951923076923 0.1210096153846154
29 0.5856971153846154 0.1778605769230769 0.08043269230769226 0.11348557692307694
30 0.6829807692307692 0.1889423076923077 0.09562499999999993 0.09310096153846151
31 0.7833413461538462 0.17819711538461538 0.09293269230769223 0.11413461538461536
2 0.8757692307692307 0.17834134615384614 0.07995192307692306 0.1126201923076923
3 0.08026442307692308 0.3847836538461538 0.09766826923076923 0.09093749999999996
4 0.17838942307692307 0.3856490384615385 0.08124999999999996 0.09081730769230763
1 0.29252403846153846 0.3985096153846154 0.13016826923076918 0.11468749999999996
12 0.43069711538461536 0.39805288461538463 0.13466346153846148 0.1156490384615385
5 0.5530528846153846 0.3855769230769231 0.0946394230769231 0.09069711538461543
10 0.6792307692307692 0.37483173076923076 0.1380528846153845 0.11170673076923084
11 0.8048798076923076 0.3853846153846154 0.0916346153846154 0.09216346153846161
13 0.9016346153846153 0.37454326923076925 0.08137019230769237 0.11485576923076916
6 0.07766826923076924 0.5698798076923077 0.08875000000000001 0.1171875
7 0.16170673076923076 0.571875 0.08490384615384614 0.11377403846153843
8 0.2518269230769231 0.5985096153846153 0.0765144230769231 0.12269230769230774
18 0.33721153846153845 0.5832932692307692 0.09382211538461546 0.09040865384615387
17 0.43406249999999996 0.5723798076923077 0.08223557692307687 0.11298076923076923
21 0.5517307692307694 0.583485576923077 0.14004807692307691 0.09079326923076919
22 0.6982932692307693 0.583701923076923 0.14100961538461532 0.09122596153846164
19 0.8245432692307693 0.5837259615384615 0.09581730769230773 0.09312500000000003
20 0.9252163461538461 0.5976682692307692 0.08822115384615395 0.11728365384615376
9 0.0728125 0.7673557692307693 0.08088942307692305 0.11456730769230762
14 0.16913461538461538 0.7800721153846154 0.09048076923076927 0.09012019230769233
15 0.2576923076923077 0.7650961538461538 0.06990384615384618 0.1211538461538461
16 0.3474038461538462 0.7931730769230769 0.08829326923076927 0.12002403846153833
24 0.46314903846153843 0.7679086538461538 0.12379807692307693 0.11387019230769233
25 0.5942307692307692 0.7683173076923077 0.12521634615384622 0.11468750000000008