30 0.08362980769230768 0.08454326923076924 0.0566826923076923 0.053701923076923085
31 0.16024038461538462 0.07930288461538462 0.0536298076923077 0.06723557692307693
2 0.2335096153846154 0.07887019230769231 0.04875 0.06637019230769231
3 0.3072355769230769 0.08569711538461539 0.056778846153846166 0.055985576923076937
4 0.38459134615384616 0.08519230769230769 0.048052884615384636 0.052596153846153834
5 0.4584375 0.0854326923076923 0.056298076923076965 0.05548076923076923
14 0.5357451923076924 0.0848798076923077 0.05271634615384617 0.054375000000000014
15 0.6064903846153846 0.07716346153846154 0.042307692307692366 0.07016826923076923
16 0.6771874999999999 0.09379807692307693 0.05165865384615387 0.06983173076923076
20 0.7526923076923077 0.09336538461538463 0.05343750000000004 0.06824519230769231
21 0.8408173076923077 0.08581730769230769 0.0830528846153845 0.05384615384615386
22 0.09564903846153847 0.1991826923076923 0.08072115384615385 0.05459134615384617
24 0.19637019230769232 0.19252403846153848 0.07302884615384614 0.0677163461538462
17 0.27862980769230766 0.1933173076923077 0.050048076923076903 0.0659855769230769
18 0.35134615384615386 0.1992307692307692 0.056057692307692294 0.05473557692307695
19 0.43064903846153846 0.19865384615384615 0.05603365384615385 0.05355769230769231
6 0.5073076923076922 0.19110576923076922 0.053076923076923035 0.0697355769230769
7 0.5745673076923077 0.19216346153846153 0.05057692307692312 0.0670432692307692
8 0.6460336538461539 0.20877403846153844 0.044447115384615404 0.07132211538461543
0 0.7152403846153846 0.20598557692307692 0.05067307692307702 0.07060096153846154
1 0.8024278846153846 0.2054326923076923 0.0760096153846154 0.0671394230769231
12 0.9024759615384615 0.20661057692307694 0.07656250000000006 0.06947115384615386
23 0.09656250000000001 0.3174759615384615 0.08012019230769231 0.0700480769230769
26 0.17944711538461539 0.31932692307692306 0.048774038461538445 0.0698317307692308
27 0.25314903846153847 0.31850961538461536 0.0495673076923077 0.06968750000000003
28 0.3254326923076923 0.30149038461538463 0.04992788461538457 0.06935096153846153
29 0.39694711538461536 0.30317307692307693 0.048677884615384616 0.0678846153846154
9 0.4679086538461539 0.3044951923076923 0.04882211538461539 0.068125
10 0.5556009615384615 0.30403846153846154 0.0823557692307692 0.06480769230769233
11 0.6478125 0.31103365384615383 0.05521634615384622 0.0547836538461539
13 0.7239663461538461 0.3038942307692308 0.04649038461538469 0.06692307692307693
25 0.8069951923076922 0.30372596153846154 0.07362980769230767 0.06901442307692303
23 0.10872596153846155 0.45245192307692306 0.10209134615384616 0.0878846153846154
26 0.22225961538461536 0.4543509615384615 0.062331730769230785 0.09031249999999999
27 0.3192548076923077 0.45334134615384614 0.06399038461538463 0.09175480769230773
28 0.41257211538461536 0.43235576923076924 0.06793269230769229 0.09310096153846158
29 0.5097596153846153 0.4341826923076923 0.0627644230769231 0.08711538461538464
30 0.6107692307692308 0.4436538461538462 0.07492788461538466 0.0724278846153846
6 0.7138221153846154 0.4344230769230769 0.06706730769230763 0.09
7 0.8031730769230769 0.4343028846153846 0.06790865384615384 0.0897836538461539
8 0.9000721153846154 0.4540625 0.05975961538461542 0.09319711538461534
9 0.08862980769230769 0.5825 0.06427884615384614 0.08711538461538464
1 0.2019951923076923 0.6009615384615384 0.1010817307692308 0.0885096153846155
12 0.33329326923076924 0.6009615384615384 0.1040865384615385 0.09134615384615384
13 0.44692307692307687 0.5820432692307692 0.062091346153846115 0.08713942307692307
14 0.5472115384615385 0.590889423076923 0.07038461538461532 0.0712019230769231
15 0.6418028846153846 0.5789182692307693 0.05286057692307695 0.09293269230769237
16 0.7351682692307692 0.6022355769230769 0.06651442307692298 0.09108173076923073
17 0.8332932692307692 0.5828365384615385 0.0631971153846153 0.08877403846153847
18 0.9287259615384615 0.590889423076923 0.07141826923076931 0.07117788461538464
19 0.09406250000000001 0.7404807692307693 0.07271634615384616 0.0699278846153847
22 0.21360576923076924 0.7412259615384615 0.10747596153846156 0.07141826923076931
24 0.34858173076923077 0.7320913461538462 0.09860576923076919 0.08918269230769237
10 0.4806971153846154 0.7334375000000001 0.105625 0.08706730769230776
31 0.5997836538461538 0.7328605769230769 0.06975961538461534 0.08733173076923087
2 0.6964663461538462 0.7317788461538461 0.061225961538461604 0.08853365384615394
3 0.7969951923076923 0.7405048076923078 0.07475961538461544 0.06997596153846157
4 0.8967307692307693 0.7409375 0.06353365384615373 0.07081730769230778
5 0.09516826923076924 0.8899759615384616 0.07254807692307694 0.06843750000000007
20 0.1964903846153846 0.9001923076923077 0.06846153846153843 0.09125000000000008
21 0.3147836538461538 0.8914903846153847 0.10790865384615381 0.0714663461538462
11 0.43459134615384615 0.89125 0.0734855769230769 0.07096153846153842
0 0.5374759615384616 0.9011778846153846 0.06533653846153847 0.0877884615384615
25 0.6507932692307693 0.8828605769230768 0.09485576923076931 0.0862019230769231