1 0.1082451923076923 0.13649038461538462 0.06435096153846152 0.05564903846153847
23 0.19293269230769233 0.13677884615384617 0.06935096153846153 0.056201923076923066
26 0.2690144230769231 0.13495192307692308 0.04324519230769233 0.05052884615384618
27 0.3348798076923077 0.1348076923076923 0.04877403846153851 0.05228365384615385
28 0.3993509615384615 0.12192307692307693 0.044399038461538524 0.05072115384615383
29 0.46651442307692303 0.12197115384615385 0.047764423076923086 0.04913461538461538
30 0.5370192307692307 0.1283653846153846 0.05778846153846159 0.038725961538461535
31 0.607548076923077 0.12300480769230769 0.04798076923076932 0.0495673076923077
2 0.6711057692307693 0.12257211538461539 0.04576923076923068 0.05036057692307693
11 0.7434375 0.1290625 0.06158653846153847 0.0401201923076923
13 0.8181009615384615 0.12211538461538461 0.04637019230769222 0.05108173076923077
15 0.8820432692307693 0.12158653846153845 0.041586538461538355 0.051682692307692304
16 0.10024038461538462 0.23495192307692306 0.04963942307692309 0.04963942307692309
19 0.16973557692307692 0.23 0.04935096153846154 0.03704326923076922
20 0.23728365384615382 0.235625 0.04882211538461539 0.05098557692307694
21 0.3205528846153846 0.23021634615384615 0.08242788461538467 0.03853365384615385
14 0.4048076923076923 0.2294471153846154 0.04701923076923077 0.03699519230769234
7 0.4718509615384615 0.22375 0.0501442307692308 0.048774038461538445
8 0.5313701923076923 0.2395673076923077 0.03158653846153843 0.05721153846153849
9 0.5915384615384616 0.22307692307692306 0.047475961538461536 0.05076923076923078
22 0.6764903846153847 0.23521634615384615 0.08473557692307693 0.05016826923076924
12 0.7703125 0.23764423076923077 0.06875000000000006 0.0550240384615385
0 0.8439663461538461 0.23709134615384614 0.041730769230769266 0.05560096153846153
3 0.911298076923077 0.22951923076923078 0.05367788461538471 0.03548076923076921
25 0.11355769230769232 0.3272836538461539 0.07295673076923079 0.061899038461538464
6 0.19079326923076925 0.32060096153846157 0.045072115384615384 0.05348557692307692
10 0.26963942307692307 0.3248076923076923 0.07341346153846152 0.045360576923076934
24 0.3621875 0.3220432692307692 0.07161057692307697 0.04725961538461544
17 0.4402884615384615 0.3217548076923077 0.04192307692307692 0.049014423076923046
18 0.5055288461538462 0.3281971153846154 0.05324519230769225 0.03786057692307692
4 0.5744711538461538 0.32826923076923076 0.045024038461538504 0.038028846153846135
5 0.6412740384615384 0.3278125 0.047331730769230904 0.038942307692307665
0 0.10250000000000001 0.45442307692307693 0.05153846153846153 0.07026442307692313
23 0.19891826923076922 0.45454326923076926 0.0853605769230769 0.07050480769230766
27 0.2971153846153846 0.45211538461538464 0.059831730769230734 0.061947115384615344
28 0.38048076923076923 0.43459134615384615 0.05829326923076923 0.06389423076923073
31 0.4651201923076923 0.4364423076923077 0.05927884615384622 0.06139423076923082
4 0.5480048076923076 0.44317307692307695 0.05867788461538467 0.04778846153846153
5 0.6327163461538461 0.4428605769230769 0.059783653846153854 0.049014423076923046
6 0.7169951923076923 0.43312500000000004 0.057067307692307716 0.06649038461538467
7 0.8011298076923077 0.4357932692307692 0.06379807692307683 0.06447115384615383
8 0.8791586538461539 0.4556490384615385 0.04235576923076924 0.07271634615384616
9 0.10663461538461538 0.5626442307692308 0.059783653846153854 0.06483173076923084
10 0.20603365384615382 0.566298076923077 0.09401442307692304 0.057355769230769266
18 0.3105288461538462 0.5701442307692308 0.06632211538461533 0.04836538461538463
19 0.40141826923076923 0.5709855769230769 0.06319711538461543 0.046370192307692355
22 0.5120192307692307 0.5782211538461538 0.11060096153846152 0.06454326923076928
25 0.6391346153846154 0.5698557692307692 0.09668269230769237 0.07923076923076919
29 0.7365625 0.5627884615384615 0.0603846153846154 0.06139423076923082
30 0.8283413461538461 0.5703365384615384 0.07384615384615391 0.04877403846153851
20 0.10759615384615384 0.7056730769230769 0.06353365384615382 0.06425480769230774
21 0.2125721153846154 0.6982932692307693 0.10526442307692306 0.04918269230769239
1 0.33290865384615387 0.708173076923077 0.0833413461538462 0.06925480769230756
12 0.44435096153846154 0.7088461538461538 0.0862019230769231 0.0703125
2 0.5398798076923077 0.6905288461538461 0.056826923076923046 0.06353365384615373
3 0.6277403846153846 0.6985817307692308 0.0701923076923078 0.04697115384615376
15 0.7144951923076923 0.6890384615384615 0.053269230769230694 0.06624999999999986
16 0.7941586538461538 0.7053125 0.0628125 0.06355769230769244
26 0.8809134615384615 0.7064423076923076 0.05507211538461531 0.06211538461538469
13 0.10689903846153846 0.8173076923076923 0.05846153846153845 0.0637740384615384
14 0.19177884615384616 0.82625 0.05995192307692307 0.048389423076923066
24 0.2949038461538462 0.8178846153846154 0.0923798076923077 0.0649278846153846
11 0.39990384615384617 0.8255288461538461 0.07865384615384621 0.04697115384615376
17 0.4938942307692308 0.8178124999999999 0.0558413461538462 0.06110576923076913