0 0.12401442307692309 0.18353365384615383 0.07016826923076923 0.09305288461538463
12 0.25237980769230767 0.18399038461538464 0.1153125 0.09394230769230773
26 0.37855769230769226 0.18016826923076923 0.07442307692307687 0.0835817307692308
27 0.49343750000000003 0.1805528846153846 0.0802403846153846 0.08442307692307693
28 0.6040865384615385 0.15829326923076922 0.07596153846153851 0.08581730769230766
29 0.7181971153846154 0.1591826923076923 0.08060096153846147 0.08295673076923074
30 0.8399038461538461 0.1682451923076923 0.0981009615384614 0.06487980769230771
2 0.12629807692307693 0.3289663461538461 0.07521634615384618 0.08343749999999996
3 0.24324519230769232 0.33987980769230763 0.09225961538461537 0.06437499999999993
8 0.3517548076923077 0.35663461538461544 0.054471153846153905 0.0968509615384616
10 0.47617788461538463 0.3334615384615385 0.1247355769230769 0.0762740384615385
11 0.624375 0.33915865384615385 0.10348557692307682 0.06079326923076928
13 0.7517788461538462 0.32913461538461536 0.0783894230769231 0.08305288461538464
14 0.8664423076923077 0.3395673076923077 0.0793990384615384 0.0627163461538461
15 0.12473557692307692 0.4957692307692308 0.07230769230769234 0.0883653846153846
16 0.23168269230769228 0.518485576923077 0.08389423076923078 0.0839903846153846
18 0.3477403846153846 0.5075000000000001 0.08764423076923072 0.062043269230769235
19 0.47021634615384617 0.507764423076923 0.08021634615384617 0.06067307692307695
22 0.6159855769230769 0.5175 0.14509615384615387 0.08377403846153851
6 0.7602163461538461 0.49596153846153845 0.07829326923076935 0.08877403846153847
7 0.871923076923077 0.4974519230769231 0.08348557692307697 0.08314903846153854
23 0.14747596153846151 0.693125 0.11463942307692307 0.09334134615384625
31 0.27502403846153844 0.6689423076923077 0.07956730769230774 0.08271634615384607
20 0.38747596153846153 0.6893028846153846 0.08298076923076919 0.08396634615384603
21 0.5300480769230769 0.6785096153846154 0.1397836538461538 0.062379807692307804
25 0.6978365384615385 0.6776442307692307 0.12675480769230774 0.10358173076923084
17 0.8318990384615385 0.6686778846153847 0.07382211538461547 0.08221153846153857
9 0.12783653846153847 0.8389663461538461 0.07711538461538461 0.08281250000000011
1 0.2570192307692308 0.8637019230769231 0.1088221153846154 0.0927884615384616
24 0.40875 0.8394711538461539 0.12382211538461536 0.0838221153846154
4 0.544735576923077 0.8489423076923077 0.07641826923076928 0.06158653846153847
5 0.6572596153846154 0.8492548076923078 0.0782451923076922 0.06216346153846157