0 0.08115384615384615 0.19129807692307693 0.09552884615384614 0.12586538461538457
28 0.18088942307692307 0.16127403846153848 0.09468749999999997 0.13024038461538462
10 0.3138701923076923 0.1666826923076923 0.14966346153846152 0.1197115384615385
11 0.44713942307692306 0.17846153846153845 0.1036778846153846 0.0978365384615385
13 0.5516826923076923 0.16562500000000002 0.08838942307692303 0.12557692307692309
14 0.6529807692307692 0.17701923076923076 0.1013701923076922 0.10300480769230767
29 0.7545673076923076 0.1658173076923077 0.0908653846153845 0.12596153846153849
30 0.8592548076923077 0.17838942307692307 0.10524038461538456 0.10033653846153848
31 0.08048076923076922 0.3764423076923077 0.09954326923076923 0.1228846153846154
2 0.17978365384615386 0.3763942307692308 0.08980769230769227 0.12509615384615388
3 0.2845432692307692 0.38877403846153846 0.10656249999999996 0.09805288461538467
4 0.38935096153846155 0.3875240384615385 0.08961538461538468 0.0962740384615385
5 0.4907932692307692 0.38875 0.10283653846153853 0.09911057692307697
1 0.6214182692307693 0.40052884615384615 0.1424038461538462 0.12528846153846154
12 0.7721875 0.40125 0.14483173076923078 0.1241105769230769
19 0.9028605769230769 0.3886778846153846 0.10165865384615376 0.09891826923076917
20 0.08266826923076923 0.6148317307692308 0.0958653846153846 0.1292307692307692
21 0.21204326923076922 0.6004567307692308 0.15165865384615385 0.09783653846153843
22 0.36786057692307694 0.6002403846153845 0.15079326923076927 0.10004807692307693
6 0.5004326923076923 0.5866586538461539 0.09540865384615384 0.12899038461538453
7 0.5898317307692308 0.5889663461538461 0.09526442307692307 0.12560096153846154
8 0.6872836538461539 0.6154326923076923 0.08449519230769226 0.13040865384615385
9 0.7767548076923076 0.5888461538461539 0.08713942307692307 0.1226682692307693
23 0.9014663461538461 0.6140865384615384 0.14427884615384612 0.12375000000000004
26 0.07882211538461538 0.8251682692307691 0.08822115384615385 0.12790865384615394
27 0.17795673076923077 0.8253365384615384 0.09146634615384618 0.12653846153846152
15 0.26875 0.7960576923076924 0.0727403846153846 0.127764423076923
16 0.3628846153846154 0.8261778846153847 0.09810096153846154 0.12995192307692321
17 0.46399038461538467 0.797860576923077 0.08930288461538456 0.1240384615384616
18 0.5643990384615385 0.8102403846153846 0.10317307692307696 0.09805288461538453
24 0.6910817307692307 0.7992067307692309 0.1348076923076924 0.12225961538461541
25 0.8321634615384615 0.7982451923076923 0.13653846153846144 0.12353365384615381