0 0.05918269230769231 0.08754807692307692 0.04810096153846154 0.062307692307692314
29 0.12747596153846155 0.07394230769230768 0.045985576923076914 0.06283653846153846
30 0.1975721153846154 0.08165865384615384 0.0549278846153846 0.05237980769230767
31 0.2692788461538461 0.07516826923076923 0.0522355769230769 0.06343750000000001
2 0.3393509615384615 0.07495192307692308 0.0462980769230769 0.06485576923076924
3 0.40915865384615385 0.08124999999999999 0.054615384615384545 0.051562500000000004
4 0.4807451923076923 0.0814423076923077 0.046177884615384565 0.05194711538461538
5 0.5523317307692308 0.08108173076923077 0.05252403846153852 0.049375000000000016
12 0.6346153846153846 0.08721153846153847 0.07201923076923086 0.06348557692307691
23 0.7307692307692307 0.08745192307692308 0.0728846153846155 0.06396634615384615
15 0.8082211538461539 0.07290865384615385 0.039134615384615316 0.06629807692307692
16 0.8757451923076923 0.08882211538461539 0.05031249999999988 0.06485576923076924
17 0.05757211538461538 0.18076923076923077 0.04485576923076924 0.06197115384615385
26 0.12439903846153846 0.19591346153846154 0.04540865384615385 0.06451923076923077
27 0.1912019230769231 0.19593750000000001 0.04586538461538465 0.06456730769230766
6 0.2617067307692308 0.18110576923076924 0.048197115384615415 0.06449519230769227
18 0.32826923076923076 0.18834134615384615 0.0518990384615384 0.04939903846153849
19 0.4035576923076923 0.18802884615384616 0.0508413461538461 0.04875
20 0.4751682692307692 0.19596153846153846 0.049831730769230816 0.06463942307692311
21 0.5595673076923077 0.18824519230769232 0.07622596153846149 0.05105769230769233
22 0.6568509615384616 0.18810096153846154 0.07665865384615381 0.05076923076923078
7 0.7384134615384615 0.1824519230769231 0.0474519230769231 0.06350961538461543
8 0.8038461538461538 0.19603365384615384 0.04336538461538453 0.06846153846153843
9 0.8693509615384615 0.18127403846153844 0.04677884615384624 0.0629807692307692
10 0.07319711538461539 0.31353365384615384 0.07610576923076924 0.061225961538461604
1 0.1679567307692308 0.3254326923076923 0.07149038461538464 0.06283653846153843
28 0.24879807692307693 0.31124999999999997 0.05009615384615385 0.06591346153846157
11 0.32026442307692304 0.3195673076923077 0.05249999999999994 0.049254807692307716
13 0.39189903846153845 0.3132211538461539 0.045985576923076914 0.062475961538461564
14 0.4614903846153846 0.31935096153846154 0.05204326923076918 0.05252403846153852
24 0.5436778846153846 0.3120913461538462 0.06848557692307694 0.06206730769230768
25 0.6318509615384615 0.3124038461538462 0.0673076923076923 0.06266826923076921
0 0.7211778846153846 0.31987980769230767 0.06290865384615375 0.08319711538461541
29 0.8133653846153847 0.30326923076923074 0.05867788461538454 0.08326923076923073
30 0.07004807692307692 0.45276442307692305 0.06980769230769229 0.0678846153846154
18 0.1650721153846154 0.4527163461538462 0.06757211538461536 0.06591346153846157
19 0.2653125 0.4518990384615385 0.0683653846153846 0.0661538461538461
24 0.3749038461538462 0.4451201923076923 0.08783653846153851 0.08401442307692306
31 0.47954326923076923 0.44423076923076926 0.0677884615384615 0.08040865384615382
15 0.5679567307692308 0.4425240384615385 0.052307692307692284 0.08625
16 0.6560336538461539 0.46245192307692307 0.0639182692307693 0.08543269230769236
1 0.7673076923076922 0.46194711538461536 0.09415865384615375 0.08254807692307686
2 0.8735576923076922 0.44435096153846154 0.060745192307692264 0.08247596153846154
3 0.0691826923076923 0.5956971153846153 0.07180288461538463 0.06713942307692296
4 0.16415865384615386 0.5934615384615385 0.05836538461538462 0.0644951923076924
5 0.25959134615384616 0.5932932692307692 0.0698317307692308 0.06415865384615398
6 0.35459134615384613 0.5860096153846153 0.06382211538461541 0.08471153846153848
7 0.4405769230769231 0.5869951923076923 0.061995192307692355 0.08302884615384606
8 0.5306971153846154 0.6054807692307692 0.055480769230769195 0.09038461538461544
9 0.6146153846153847 0.5871875 0.060600961538461624 0.0834134615384615
10 0.7250240384615385 0.5875 0.1020192307692309 0.08216346153846156
11 0.8410576923076923 0.5943509615384616 0.06786057692307697 0.06627403846153858
13 0.9352884615384615 0.5866346153846153 0.06028846153846164 0.08413461538461539
14 0.06915865384615384 0.7362259615384615 0.06617788461538462 0.06713942307692296
12 0.18007211538461537 0.745 0.09754807692307689 0.0846634615384616
23 0.30620192307692307 0.7447355769230769 0.0946394230769231 0.08415865384615383
20 0.41548076923076926 0.7456490384615384 0.06545673076923081 0.08413461538461539
21 0.5282211538461539 0.7367548076923077 0.10043269230769224 0.06632211538461547
22 0.6558653846153846 0.7349038461538462 0.10237980769230777 0.0663461538461539
26 0.7666586538461538 0.74625 0.05771634615384613 0.08533653846153846
27 0.858389423076923 0.7457451923076923 0.059975961538461645 0.08615384615384623
28 0.9478125000000001 0.7254326923076923 0.06317307692307686 0.0880528846153846
17 0.06526442307692307 0.8680048076923076 0.05841346153846153 0.08105769230769237
25 0.17021634615384615 0.8669471153846153 0.09079326923076926 0.08262019230769233