23 0.09341346153846154 0.16697115384615382 0.14156250000000004 0.12610576923076924
26 0.21752403846153845 0.16999999999999998 0.0928605769230769 0.12930288461538458
12 0.3414903846153846 0.16675480769230772 0.145673076923077 0.1256490384615385
7 0.4644471153846154 0.14225961538461537 0.09745192307692313 0.12189903846153845
8 0.5588942307692307 0.17161057692307694 0.08271634615384607 0.13254807692307696
9 0.6529326923076924 0.1423076923076923 0.0897836538461539 0.12483173076923079
10 0.7820192307692307 0.14360576923076923 0.1500240384615384 0.12175480769230768
11 0.07372596153846155 0.36475961538461543 0.10504807692307692 0.10307692307692307
13 0.1769230769230769 0.3518269230769231 0.0908173076923077 0.12249999999999996
14 0.28060096153846154 0.36588942307692307 0.10302884615384612 0.0997115384615385
15 0.3764423076923077 0.34925480769230766 0.0769711538461538 0.12865384615384612
16 0.4727403846153846 0.38040865384615385 0.09709134615384613 0.13156250000000005
27 0.5754326923076923 0.37877403846153845 0.09033653846153857 0.12831730769230767
28 0.6722355769230769 0.3491105769230769 0.09730769230769235 0.13403846153846152
29 0.7730288461538461 0.35389423076923077 0.08961538461538456 0.12379807692307693
30 0.8760096153846154 0.36572115384615383 0.10889423076923066 0.10218749999999997
31 0.06721153846153846 0.5655048076923077 0.10334134615384614 0.12281250000000007
2 0.1684375 0.5654807692307693 0.09086538461538464 0.12557692307692309
24 0.28790865384615383 0.5661778846153847 0.13745192307692308 0.1241586538461538
25 0.4308894230769231 0.5662259615384616 0.13776442307692308 0.1214182692307692
3 0.5588221153846153 0.5784134615384615 0.10314903846153853 0.0977163461538461
4 0.6637259615384615 0.5770913461538462 0.09158653846153851 0.0979086538461539
18 0.762764423076923 0.5791586538461538 0.10302884615384619 0.09920673076923073
19 0.8743509615384616 0.5779086538461538 0.10560096153846142 0.09673076923076926
20 0.07098557692307693 0.8026682692307693 0.09954326923076923 0.12769230769230772
21 0.20124999999999998 0.7882932692307693 0.15079326923076922 0.10173076923076935
5 0.33413461538461536 0.7888701923076924 0.10548076923076923 0.10009615384615381
6 0.44074519230769227 0.7759375000000001 0.09245192307692303 0.12509615384615375
0 0.5374038461538462 0.8008894230769231 0.09062499999999997 0.1269230769230768
1 0.6627884615384616 0.8021634615384615 0.14346153846153833 0.12100961538461547
17 0.7851442307692308 0.7767067307692308 0.09122596153846164 0.12382211538461536
22 0.9135336538461538 0.7893749999999999 0.1500480769230768 0.09826923076923076