30 0.09637019230769231 0.08896634615384615 0.05853365384615383 0.054759615384615386
31 0.17343750000000002 0.08201923076923076 0.05242788461538462 0.06685096153846154
2 0.24555288461538463 0.08137019230769231 0.048389423076923066 0.06759615384615386
3 0.32158653846153845 0.08865384615384617 0.06021634615384618 0.05413461538461538
4 0.39829326923076924 0.08817307692307692 0.04939903846153849 0.05312500000000002
27 0.46939903846153846 0.09610576923076922 0.05139423076923076 0.06901442307692306
28 0.5404567307692308 0.07992788461538461 0.05129807692307686 0.07072115384615385
29 0.6149278846153846 0.081875 0.04798076923076932 0.06661057692307694
11 0.6910096153846154 0.08747596153846154 0.057692307692307696 0.05367788461538461
13 0.7658653846153847 0.08225961538461538 0.04870192307692305 0.06728365384615384
14 0.8393028846153846 0.08826923076923077 0.054903846153846234 0.05524038461538462
15 0.09036057692307693 0.19439903846153847 0.0452403846153846 0.07084134615384616
16 0.16067307692307692 0.2099519230769231 0.05252403846153845 0.06915865384615387
17 0.2350721153846154 0.1951442307692308 0.048677884615384616 0.0657692307692308
22 0.3233173076923077 0.20197115384615383 0.08062500000000004 0.05098557692307694
5 0.41391826923076924 0.20379807692307692 0.05862980769230766 0.0546875
6 0.4918509615384616 0.19495192307692305 0.05274038461538461 0.06617788461538462
7 0.5592788461538462 0.1961778846153846 0.04995192307692315 0.06564903846153847
8 0.6307932692307693 0.210625 0.044350961538461645 0.07050480769230766
9 0.6988701923076923 0.1961778846153846 0.04721153846153843 0.06562500000000003
10 0.7878365384615384 0.19574519230769233 0.0831250000000001 0.06478365384615382
0 0.8775721153846153 0.20942307692307693 0.05057692307692299 0.06593750000000001
18 0.09355769230769231 0.31399038461538464 0.05600961538461538 0.054326923076923134
19 0.17310096153846155 0.3134375 0.05555288461538458 0.053221153846153814
20 0.25076923076923074 0.3217548076923077 0.0557451923076923 0.06987980769230767
21 0.3398557692307692 0.31427884615384616 0.08091346153846146 0.05487980769230765
1 0.4401923076923077 0.3206490384615384 0.07401442307692313 0.06766826923076917
12 0.5412740384615384 0.3214663461538461 0.07951923076923073 0.06927884615384614
23 0.6399278846153845 0.3210576923076923 0.07574519230769229 0.06848557692307694
26 0.7266105769230768 0.3231009615384615 0.04807692307692308 0.07038461538461546
24 0.8104567307692307 0.30812500000000004 0.07153846153846152 0.0666586538461539
25 0.9060336538461539 0.3082692307692308 0.07437500000000014 0.06694711538461544
27 0.10283653846153847 0.4581730769230769 0.06581730769230767 0.09137019230769229
28 0.1967548076923077 0.4359615384615385 0.0678846153846154 0.0928605769230769
29 0.29473557692307695 0.43867788461538465 0.06497596153846154 0.0873557692307693
30 0.395625 0.44795673076923076 0.07665865384615381 0.07093749999999997
21 0.5178365384615384 0.4473317307692308 0.10689903846153839 0.07187499999999994
22 0.6554567307692308 0.4472836538461538 0.1089903846153847 0.07180288461538463
24 0.7896875 0.4386298076923077 0.09552884615384617 0.08725961538461541
9 0.900673076923077 0.4388942307692308 0.061802884615384704 0.0877884615384615
10 0.12379807692307693 0.5885336538461539 0.1077403846153846 0.08769230769230774
11 0.24519230769230768 0.5954326923076922 0.07298076923076927 0.06870192307692317
13 0.34677884615384613 0.5867307692307693 0.061995192307692355 0.08627403846153843
14 0.44432692307692306 0.5958653846153846 0.0691586538461538 0.06956730769230782
15 0.5405048076923077 0.5857211538461539 0.05610576923076917 0.09079326923076919
0 0.6331490384615385 0.6061298076923076 0.06656250000000014 0.09012019230769233
1 0.7498798076923077 0.6059134615384616 0.09896634615384606 0.08963942307692299
12 0.8832451923076923 0.6056490384615384 0.10346153846153837 0.08911057692307704
23 0.1206971153846154 0.7557692307692307 0.1015625 0.09000000000000014
26 0.23526442307692308 0.7565865384615384 0.061850961538461514 0.08942307692307704
16 0.33379807692307695 0.7581490384615385 0.06879807692307693 0.09040865384615387
31 0.4328605769230769 0.737139423076923 0.0724278846153846 0.08769230769230774
2 0.5301442307692308 0.7385096153846155 0.06596153846153846 0.08826923076923084
3 0.6305048076923078 0.7465865384615384 0.0765865384615385 0.07163461538461527
4 0.7330288461538461 0.7462980769230769 0.06528846153846146 0.07103365384615373
5 0.8329086538461539 0.7467788461538463 0.07490384615384607 0.06980769230769222
6 0.9357451923076923 0.7367067307692309 0.06862980769230759 0.089014423076923
7 0.09899038461538462 0.8895913461538462 0.06685096153846154 0.08884615384615394
8 0.19516826923076921 0.9084375 0.06033653846153845 0.09377403846153844
17 0.28509615384615383 0.8891105769230769 0.063173076923077 0.08788461538461526
18 0.381875 0.8975000000000001 0.07098557692307686 0.06968750000000003
19 0.48814903846153845 0.8979326923076923 0.07377403846153846 0.06836538461538474
20 0.5912740384615385 0.9073557692307692 0.07024038461538454 0.09158653846153851
25 0.7051201923076923 0.8880048076923077 0.09685096153846146 0.08788461538461553