5 0.06377403846153847 0.14822115384615384 0.05064903846153845 0.05122596153846155
6 0.13348557692307692 0.14233173076923078 0.046225961538461514 0.06353365384615382
7 0.19870192307692308 0.14338942307692307 0.046418269230769235 0.06084134615384616
8 0.2629326923076923 0.15649038461538461 0.04271634615384618 0.0677884615384615
9 0.32514423076923077 0.14353365384615385 0.049350961538461476 0.06350961538461539
10 0.4066586538461538 0.14420673076923077 0.07774038461538456 0.06033653846153848
20 0.49151442307692306 0.1553125 0.05033653846153845 0.06545673076923074
21 0.572451923076923 0.14795673076923077 0.0752163461538462 0.05072115384615383
1 0.6667788461538462 0.15437499999999998 0.070625 0.0628125
12 0.7589663461538462 0.1550721153846154 0.07192307692307683 0.06423076923076923
23 0.8505288461538462 0.15560096153846154 0.07199519230769241 0.06343750000000004
26 0.060288461538461534 0.26 0.04473557692307692 0.06278846153846154
27 0.1280528846153846 0.2592067307692308 0.043461538461538454 0.06350961538461536
28 0.1932451923076923 0.24442307692307694 0.04807692307692308 0.06411057692307696
29 0.26153846153846155 0.24540865384615385 0.04600961538461542 0.06182692307692307
30 0.3304807692307692 0.25223557692307697 0.0525721153846154 0.0514182692307692
31 0.4007932692307692 0.24516826923076923 0.049014423076923046 0.061322115384615364
0 0.4701201923076923 0.25848557692307694 0.04711538461538467 0.062235576923076893
2 0.5378365384615384 0.24572115384615384 0.043870192307692304 0.060600961538461555
11 0.606923076923077 0.2525240384615385 0.052596153846153834 0.04992788461538464
13 0.6772596153846154 0.24598557692307693 0.04350961538461544 0.0612019230769231
14 0.745264423076923 0.25271634615384614 0.050072115384615486 0.04870192307692305
15 0.8111057692307693 0.24475961538461538 0.037548076923076934 0.06423076923076923
16 0.8757932692307692 0.2595432692307692 0.046706730769230646 0.0642067307692308
17 0.060216346153846155 0.37610576923076927 0.04463942307692308 0.060649038461538504
18 0.12687500000000002 0.38295673076923076 0.05036057692307693 0.04865384615384617
19 0.19956730769230768 0.3819951923076923 0.051490384615384584 0.047187499999999986
3 0.27358173076923076 0.38317307692307695 0.053461538461538484 0.05074519230769234
4 0.3436538461538462 0.3825480769230769 0.04379807692307685 0.04949519230769225
22 0.42365384615384616 0.38235576923076925 0.07625000000000007 0.05096153846153843
24 0.5173798076923076 0.37617788461538465 0.06769230769230775 0.06262019230769234
25 0.6045432692307693 0.3763221153846154 0.0663461538461539 0.06105769230769225
23 0.7075240384615384 0.38293269230769234 0.09295673076923067 0.08168269230769235
11 0.8182932692307693 0.37478365384615386 0.06668269230769233 0.0654086538461538
13 0.911201923076923 0.3666105769230769 0.06019230769230761 0.08045673076923084
14 0.07084134615384616 0.5133413461538462 0.06403846153846154 0.06514423076923083
15 0.15817307692307692 0.5015144230769231 0.05192307692307691 0.08588942307692313
16 0.24586538461538462 0.5214903846153847 0.06271634615384616 0.08512019230769223
25 0.35221153846153846 0.5034134615384616 0.0868269230769231 0.08040865384615382
0 0.4564423076923077 0.5199519230769231 0.06225961538461533 0.0802403846153846
1 0.5639182692307693 0.5199278846153846 0.0904807692307692 0.08201923076923077
26 0.6679326923076924 0.5220432692307692 0.059975961538461645 0.0843990384615385
27 0.756826923076923 0.5214182692307692 0.06211538461538469 0.08502403846153847
28 0.8460817307692309 0.5017067307692308 0.061225961538461604 0.0843990384615385
29 0.9360576923076922 0.5038221153846154 0.05814903846153859 0.08125000000000003
30 0.07276442307692307 0.6503125 0.06783653846153846 0.06543269230769237
31 0.16615384615384615 0.6424278846153846 0.0660096153846154 0.08108173076923081
5 0.2623317307692308 0.6496394230769231 0.06790865384615384 0.06408653846153839
6 0.3559855769230769 0.6423076923076922 0.06110576923076927 0.08103365384615394
7 0.4403846153846154 0.6429567307692309 0.06163461538461535 0.08213942307692298
8 0.5283653846153846 0.6609375 0.0552644230769231 0.08665865384615373
9 0.6117788461538461 0.6427163461538462 0.06048076923076916 0.08163461538461547
10 0.7205288461538462 0.6425240384615385 0.09858173076923074 0.07942307692307683
17 0.8282692307692308 0.6432692307692308 0.057067307692307716 0.08016826923076928
18 0.9173798076923076 0.6506971153846154 0.06701923076923076 0.06617788461538456
19 0.07211538461538461 0.7893509615384615 0.06841346153846156 0.06427884615384617
20 0.16783653846153845 0.799110576923077 0.06384615384615386 0.08564903846153846
21 0.2770673076923077 0.7892548076923076 0.09923076923076923 0.06406249999999994
22 0.4031730769230769 0.7890144230769232 0.09997596153846147 0.06548076923076926
24 0.5281971153846153 0.7820913461538462 0.08783653846153851 0.0830528846153845
12 0.6473798076923077 0.7989182692307693 0.0947115384615384 0.08223557692307701
2 0.752860576923077 0.7813942307692308 0.05971153846153854 0.08168269230769235
3 0.8454326923076922 0.7896394230769231 0.06918269230769224 0.06487980769230771
4 0.9409855769230769 0.7893990384615385 0.05689903846153836 0.06620192307692299