0 0.0640625 0.19158653846153847 0.04209134615384617 0.05194711538461535
31 0.11927884615384615 0.18096153846153845 0.043052884615384604 0.05024038461538463
2 0.17432692307692307 0.18019230769230768 0.039374999999999986 0.05189903846153847
3 0.23170673076923076 0.18552884615384618 0.04514423076923077 0.04331730769230772
4 0.2897115384615384 0.18526442307692306 0.03935096153846155 0.04122596153846155
5 0.34596153846153843 0.18572115384615387 0.046081730769230805 0.04213942307692308
6 0.40490384615384617 0.1789903846153846 0.0389663461538461 0.05269230769230766
7 0.4567067307692308 0.1806730769230769 0.039086538461538436 0.050048076923076903
8 0.5114663461538462 0.1922355769230769 0.03576923076923076 0.05512019230769232
9 0.5622355769230769 0.18103365384615386 0.03829326923076925 0.05134615384615388
10 0.6291826923076923 0.1811298076923077 0.06355769230769244 0.04860576923076923
11 0.6988942307692307 0.18531250000000002 0.044495192307692284 0.04031250000000002
13 0.7563942307692308 0.18105769230769228 0.03843750000000002 0.051971153846153854
14 0.8120192307692308 0.18584134615384615 0.04286057692307702 0.04137019230769233
22 0.8820913461538461 0.18552884615384618 0.0636538461538462 0.04252403846153845
24 0.07259615384615384 0.26711538461538464 0.05795673076923077 0.0525721153846154
15 0.1323076923076923 0.26548076923076924 0.03492788461538462 0.05286057692307695
16 0.18627403846153845 0.2761298076923077 0.04134615384615382 0.0528125
17 0.24216346153846152 0.26689903846153845 0.039182692307692335 0.05033653846153845
18 0.29747596153846156 0.27033653846153843 0.043461538461538426 0.041201923076923115
19 0.3578125 0.27115384615384613 0.04435096153846151 0.04105769230769234
20 0.41612980769230773 0.2762980769230769 0.04165865384615381 0.05310096153846155
21 0.48399038461538463 0.27132211538461537 0.06163461538461535 0.041394230769230766
1 0.5595192307692307 0.2764663461538462 0.05956730769230763 0.051682692307692304
12 0.6346153846153846 0.2760096153846154 0.060168269230769164 0.05252403846153845
23 0.7112259615384615 0.27557692307692305 0.06028846153846164 0.05170673076923075
26 0.7770432692307693 0.27810096153846153 0.036971153846153834 0.054951923076923107
27 0.8318509615384616 0.2756971153846154 0.039759615384615296 0.05192307692307691
28 0.8867548076923076 0.2648076923076923 0.039182692307692196 0.05300480769230772
29 0.06305288461538461 0.35721153846153847 0.0370673076923077 0.052932692307692264
30 0.11858173076923076 0.36262019230769227 0.046658653846153836 0.04235576923076924
25 0.18615384615384614 0.3575 0.05891826923076921 0.051730769230769184
0 0.25237980769230767 0.3655288461538462 0.04538461538461537 0.057067307692307716
2 0.3132211538461539 0.3551442307692308 0.0406009615384615 0.05588942307692308
3 0.3759375 0.36062500000000003 0.05031250000000002 0.047283653846153885
4 0.4377403846153846 0.3602884615384615 0.04216346153846159 0.044831730769230714
5 0.49923076923076926 0.3605769230769231 0.04937500000000005 0.045408653846153814
6 0.5620913461538461 0.35379807692307697 0.04334134615384622 0.05858173076923078
7 0.6204807692307692 0.35461538461538467 0.04259615384615391 0.05663461538461539
22 0.6913701923076924 0.3605769230769231 0.0704326923076922 0.04538461538461537
24 0.7749519230769231 0.3556730769230769 0.0630769230769231 0.05697115384615382
11 0.8458653846153846 0.36004807692307694 0.048197115384615276 0.045024038461538504
13 0.9077403846153846 0.35461538461538467 0.04372596153846167 0.05663461538461539
14 0.0673076923076923 0.4513701923076923 0.0455769230769231 0.04538461538461537
15 0.12533653846153847 0.44471153846153844 0.036971153846153834 0.05877403846153843
16 0.18367788461538462 0.45740384615384616 0.04504807692307695 0.05920673076923076
17 0.24403846153846154 0.4454086538461538 0.044735576923076885 0.05658653846153851
18 0.30420673076923077 0.45105769230769227 0.04749999999999998 0.044735576923076954
19 0.3688221153846154 0.45050480769230766 0.04853365384615384 0.045408653846153814
20 0.4324759615384615 0.45713942307692307 0.04586538461538458 0.05870192307692312
25 0.502235576923077 0.4460576923076923 0.06072115384615383 0.05610576923076917
12 0.5841586538461538 0.4565144230769231 0.06610576923076923 0.057451923076923025
23 0.6667548076923077 0.4564663461538461 0.06572115384615393 0.05555288461538465
26 0.7375480769230769 0.4582451923076923 0.04170673076923082 0.05913461538461544
8 0.7955048076923077 0.4584134615384615 0.038317307692307824 0.05944711538461543
9 0.8524278846153847 0.4456490384615384 0.039999999999999966 0.05709134615384615
10 0.9243750000000001 0.44634615384615384 0.06812500000000007 0.05668269230769227
21 0.07658653846153846 0.549375 0.06593750000000001 0.04552884615384615
1 0.15853365384615387 0.5549038461538461 0.06245192307692305 0.05834134615384611
27 0.23069711538461538 0.55625 0.04293269230769234 0.059254807692307634
28 0.2878846153846154 0.5425721153846154 0.04516826923076921 0.05860576923076922
29 0.3491105769230769 0.5441586538461538 0.04295673076923078 0.056442307692307736
30 0.4104086538461538 0.549639423076923 0.049831730769230816 0.04605769230769237
31 0.4745432692307692 0.5441826923076923 0.0445432692307693 0.056490384615384616
0 0.5355288461538461 0.554735576923077 0.045408653846153814 0.0598076923076923
1 0.6113221153846153 0.5545432692307692 0.06701923076923076 0.057644230769230816
29 0.6870913461538461 0.5428365384615385 0.04403846153846166 0.06091346153846148
30 0.7534375 0.549014423076923 0.052115384615384494 0.04836538461538463
31 0.8204086538461539 0.5421153846153847 0.047187499999999986 0.05947115384615387
2 0.8874519230769231 0.5413942307692308 0.044110576923076975 0.05805288461538456
3 0.9537019230769231 0.5487980769230769 0.053750000000000034 0.047908653846153865
4 0.06629807692307692 0.6503846153846153 0.04358173076923076 0.048100961538461516
5 0.13230769230769232 0.6497596153846155 0.0509375 0.0486057692307693
6 0.20038461538461538 0.6434375 0.04463942307692306 0.06091346153846162
7 0.2614903846153846 0.643701923076923 0.045793269230769255 0.057884615384615486
8 0.3255528846153846 0.6575 0.040336538461538396 0.06411057692307683
14 0.3864182692307692 0.6493269230769231 0.049879807692307696 0.047764423076923086
15 0.4494951923076923 0.6423076923076922 0.04074519230769228 0.05867788461538454
16 0.5121394230769231 0.6565624999999999 0.0485096153846154 0.062235576923076893
17 0.5778365384615385 0.6438221153846153 0.04276442307692312 0.05990384615384606
18 0.6430048076923077 0.6483413461538461 0.05028846153846144 0.047572115384615296
19 0.7118990384615385 0.6497596153846155 0.05091346153846142 0.046875
20 0.7813701923076923 0.6561778846153847 0.0474519230769231 0.06149038461538471
21 0.8593990384615384 0.6493269230769231 0.0717307692307693 0.047764423076923086
22 0.9509615384615385 0.6498076923076923 0.07500000000000011 0.048725961538461496
23 0.07781249999999999 0.7554807692307691 0.07033653846153848 0.062427884615384684
26 0.1533173076923077 0.755985576923077 0.04310096153846155 0.061658653846153794
27 0.21867788461538462 0.7554086538461539 0.04384615384615387 0.060504807692307594
28 0.28189903846153846 0.7409855769230769 0.04740384615384615 0.0619230769230769
24 0.3565384615384615 0.7417067307692308 0.0667307692307692 0.05802884615384612
25 0.44137019230769237 0.7418750000000001 0.06545673076923081 0.05836538461538455
12 0.5293509615384615 0.7538461538461539 0.06865384615384616 0.05913461538461544
9 0.6068028846153847 0.7427884615384616 0.04372596153846167 0.05841346153846143
10 0.6847115384615384 0.7433653846153846 0.0731249999999999 0.05778846153846145
11 0.7652644230769231 0.7479807692307693 0.0508413461538461 0.047427884615384656
13 0.8328846153846154 0.7420913461538461 0.045408653846153814 0.05877403846153857