0 0.15903846153846152 0.12485576923076923 0.0842307692307692 0.12096153846153844
26 0.2594471153846154 0.12524038461538461 0.1036778846153846 0.12370192307692306
27 0.3697596153846154 0.12454326923076924 0.10360576923076928 0.12235576923076924
30 0.4938221153846154 0.10834134615384615 0.13757211538461542 0.08776442307692309
31 0.6177884615384616 0.08600961538461539 0.10139423076923065 0.13266826923076921
2 0.7279807692307692 0.08639423076923076 0.10543269230769234 0.1334375
3 0.8511298076923077 0.10713942307692308 0.1266586538461537 0.09192307692307691
4 0.1700480769230769 0.30709134615384615 0.11064903846153847 0.08971153846153844
5 0.28891826923076924 0.3073798076923077 0.12112980769230766 0.08810096153846149
6 0.4113701923076923 0.2864903846153846 0.11031249999999997 0.13372596153846153
7 0.5255288461538462 0.2874038461538462 0.10918269230769234 0.13338942307692309
8 0.6255048076923077 0.3257451923076923 0.07750000000000003 0.12485576923076923
9 0.7242788461538462 0.28646634615384614 0.11115384615384617 0.13146634615384614
14 0.8378846153846153 0.3082932692307692 0.10451923076923081 0.08795673076923084
15 0.16021634615384617 0.48473557692307695 0.08877403846153847 0.13468750000000007
16 0.2676682692307692 0.5231971153846154 0.1113942307692307 0.1242067307692308
17 0.3836298076923077 0.48497596153846156 0.1007211538461538 0.13076923076923072
18 0.4940625 0.5063701923076923 0.1075240384615385 0.08834134615384616
28 0.6057211538461538 0.48336538461538464 0.09908653846153839 0.13194711538461534
29 0.7128846153846153 0.4847836538461538 0.10581730769230765 0.13257211538461533
19 0.8365625 0.5057211538461538 0.12375000000000004 0.08923076923076924
20 0.17108173076923078 0.7237259615384615 0.11269230769230767 0.12350961538461537
21 0.31634615384615383 0.7058413461538462 0.17588942307692312 0.08956730769230767
22 0.5000961538461538 0.706201923076923 0.17634615384615387 0.0902884615384614
24 0.6694711538461539 0.6850961538461539 0.14576923076923073 0.1333173076923078
10 0.8227163461538461 0.6856490384615385 0.14194711538461527 0.1269230769230768
11 0.17822115384615383 0.9030288461538463 0.12918269230769233 0.0906009615384614
13 0.3010336538461539 0.8829086538461539 0.10600961538461537 0.13341346153846154
25 0.43701923076923077 0.8832211538461539 0.15067307692307694 0.13182692307692315
1 0.5796875 0.9202403846153846 0.11918269230769227 0.12444711538461534
12 0.7065144230769231 0.9220192307692308 0.12139423076923077 0.12639423076923087
23 0.8338701923076923 0.9210336538461538 0.12271634615384605 0.1244230769230769