0 0.08682692307692307 0.11420673076923078 0.07269230769230768 0.10163461538461539
27 0.23891826923076923 0.11509615384615385 0.08841346153846154 0.10355769230769231
28 0.3914182692307693 0.0825 0.0833413461538462 0.10908653846153848
29 0.5484375 0.08367788461538463 0.0888461538461538 0.10966346153846154
30 0.7226923076923076 0.10120192307692308 0.11367788461538453 0.07581730769230771
31 0.8915624999999999 0.0834375 0.0843990384615385 0.10918269230769231
2 0.09603365384615385 0.24802884615384618 0.08632211538461537 0.10983173076923076
3 0.2631490384615385 0.2653125 0.10802884615384614 0.07550480769230769
4 0.4347115384615385 0.2656971153846154 0.09055288461538466 0.07288461538461537
5 0.6006971153846153 0.2650480769230769 0.1004086538461538 0.07338942307692307
6 0.7685096153846154 0.24862980769230772 0.09149038461538475 0.10841346153846153
7 0.9307211538461538 0.24843749999999998 0.08899038461538457 0.11064903846153847
8 0.08223557692307693 0.44649038461538465 0.06509615384615385 0.10451923076923081
1 0.23456730769230769 0.4455769230769231 0.09891826923076924 0.10266826923076919
12 0.4074519230769231 0.44519230769230766 0.10016826923076927 0.10353365384615383
23 0.5796394230769231 0.44600961538461537 0.10000000000000006 0.100889423076923
26 0.7457451923076923 0.4458173076923077 0.0876682692307693 0.10048076923076926
9 0.9065624999999999 0.4146153846153846 0.09199519230769226 0.108701923076923
15 0.08742788461538462 0.5795192307692308 0.07389423076923075 0.1091105769230769
16 0.2438221153846154 0.6107211538461539 0.09040865384615387 0.1028365384615384
17 0.4051923076923077 0.5789663461538461 0.08444711538461537 0.10829326923076926
18 0.5655288461538461 0.5959615384615384 0.09098557692307697 0.07312500000000004
19 0.7345432692307692 0.595985576923077 0.10211538461538466 0.073389423076923
20 0.9025961538461539 0.6108413461538462 0.09206730769230759 0.10307692307692307
21 0.1228125 0.7606009615384616 0.1430528846153846 0.07408653846153858
22 0.3433413461538462 0.7612740384615384 0.1450240384615384 0.0754326923076923
10 0.5486778846153846 0.7436778846153846 0.11658653846153846 0.10593750000000011
11 0.7304086538461539 0.7613701923076923 0.10665865384615386 0.07478365384615387
13 0.8996394230769231 0.7430769230769231 0.08774038461538461 0.10954326923076935
14 0.09473557692307691 0.9276682692307693 0.08687500000000001 0.07490384615384607
24 0.2704086538461538 0.9104807692307693 0.12413461538461543 0.1091105769230769
25 0.4670192307692308 0.9104326923076923 0.12475961538461533 0.10932692307692313