0 0.06867788461538461 0.074375 0.04302884615384613 0.060937500000000006
31 0.1405048076923077 0.0595673076923077 0.04802884615384613 0.05536057692307693
2 0.21769230769230768 0.05939903846153846 0.04889423076923078 0.054999999999999986
3 0.2985817307692307 0.06600961538461539 0.05723557692307693 0.04235576923076924
4 0.3778605769230769 0.06634615384615385 0.047524038461538416 0.0411778846153846
5 0.4564182692307692 0.06663461538461538 0.05117788461538467 0.04360576923076923
1 0.5460336538461539 0.07483173076923076 0.06764423076923073 0.05997596153846153
12 0.6443509615384616 0.07502403846153846 0.07197115384615398 0.06036057692307692
23 0.7415384615384616 0.07447115384615384 0.07036057692307687 0.061105769230769234
26 0.07007211538461539 0.17028846153846156 0.04584134615384617 0.05487980769230765
27 0.15000000000000002 0.16978365384615385 0.054086538461538464 0.053894230769230805
28 0.22923076923076924 0.15588942307692305 0.04610576923076925 0.05531249999999998
29 0.3081971153846154 0.15567307692307694 0.05057692307692312 0.055240384615384594
30 0.39442307692307693 0.1633653846153846 0.06584134615384613 0.04290865384615383
6 0.4809855769230769 0.15514423076923078 0.0485096153846154 0.05603365384615385
7 0.5565625 0.15576923076923077 0.05358173076923082 0.05540865384615387
8 0.627451923076923 0.17334134615384617 0.03264423076923087 0.0628365384615385
9 0.6987019230769231 0.15572115384615384 0.05127403846153856 0.05716346153846154
10 0.7931730769230769 0.1585576923076923 0.08117788461538457 0.050072115384615416
11 0.07817307692307693 0.2609855769230769 0.06572115384615386 0.04213942307692308
13 0.16646634615384615 0.25483173076923077 0.050048076923076903 0.055721153846153865
14 0.2465625 0.26125000000000004 0.0512019230769231 0.04081730769230767
15 0.3236778846153846 0.2536778846153846 0.0463942307692308 0.05709134615384615
16 0.40002403846153844 0.2685096153846154 0.054855769230769215 0.05531249999999998
20 0.4852644230769231 0.2687019230769231 0.05521634615384622 0.05569711538461542
21 0.5882211538461538 0.2619711538461539 0.0928605769230769 0.042259615384615416
22 0.7091586538461538 0.26882211538461537 0.09461538461538464 0.055961538461538465
24 0.8221153846153846 0.255625 0.08141826923076924 0.05728365384615381
17 0.07050480769230769 0.3782692307692308 0.046706730769230785 0.053990384615384565
18 0.14596153846153845 0.38466346153846154 0.0533894230769231 0.041730769230769266
19 0.22745192307692308 0.3856730769230769 0.05180288461538464 0.043701923076923097
25 0.321875 0.38625000000000004 0.0797596153846154 0.07259615384615382
31 0.4211298076923077 0.36961538461538457 0.06379807692307697 0.07264423076923084
2 0.5244230769230769 0.36860576923076926 0.06512019230769225 0.07307692307692303
3 0.6307932692307693 0.37884615384615383 0.07432692307692298 0.054086538461538464
4 0.7389663461538463 0.3786538461538462 0.0596875000000001 0.053221153846153814
5 0.8432932692307692 0.37875000000000003 0.06718750000000011 0.0557451923076923
6 0.0803125 0.4994230769230769 0.06399038461538463 0.07519230769230763
7 0.18209134615384615 0.49939903846153844 0.07019230769230766 0.0733173076923077
8 0.2770913461538461 0.5218028846153846 0.04194711538461536 0.08115384615384613
9 0.3702644230769231 0.49930288461538463 0.06745192307692308 0.07312500000000004
10 0.49709134615384615 0.5031009615384615 0.10663461538461541 0.06593750000000001
11 0.6316346153846154 0.5084375 0.08723557692307683 0.054423076923076893
1 0.7626682692307691 0.5210336538461539 0.0940144230769231 0.08329326923076917
12 0.8940865384615384 0.5207932692307693 0.09437499999999997 0.08278846153846153
23 0.09528846153846154 0.6502403846153846 0.09444711538461537 0.08283653846153854
26 0.20841346153846155 0.6484375 0.06177884615384613 0.07367788461538456
27 0.31574519230769227 0.6485576923076923 0.07307692307692303 0.07391826923076923
20 0.42757211538461537 0.6485817307692308 0.07112980769230763 0.07211538461538461
15 0.535 0.6281971153846153 0.05850961538461533 0.0738942307692308
16 0.6345432692307693 0.6483173076923077 0.07271634615384616 0.07314903846153833
17 0.7429807692307692 0.6296153846153847 0.060312500000000074 0.07302884615384614
18 0.845889423076923 0.6380528846153847 0.06826923076923072 0.052932692307692264
19 0.9525 0.6385576923076923 0.06882211538461537 0.054999999999999986
25 0.10141826923076923 0.7686057692307693 0.10483173076923077 0.09399038461538467
21 0.2527403846153847 0.7682932692307692 0.12454326923076924 0.05454326923076936
22 0.41391826923076924 0.7778605769230769 0.1251682692307692 0.07365384615384613
24 0.5659375 0.7595192307692307 0.10562499999999986 0.0739663461538461
13 0.6899278846153846 0.7592307692307692 0.06699519230769233 0.073389423076923
14 0.7967548076923077 0.7695432692307692 0.06798076923076916 0.055865384615384636
0 0.8990865384615384 0.7810576923076924 0.058173076923077036 0.08189903846153858
28 0.07790865384615384 0.891610576923077 0.06336538461538462 0.07372596153846143
29 0.18254807692307692 0.89125 0.06740384615384613 0.07298076923076927
30 0.2986057692307692 0.9006971153846154 0.0867307692307692 0.054903846153846234