0 0.07278846153846154 0.11072115384615386 0.0861778846153846 0.12103365384615383
27 0.18204326923076924 0.1059375 0.10954326923076921 0.10865384615384616
28 0.2952644230769231 0.07701923076923077 0.09278846153846153 0.1101923076923077
29 0.40968750000000004 0.07887019230769231 0.10105769230769236 0.11122596153846157
30 0.5379807692307692 0.09298076923076923 0.12853365384615392 0.08310096153846155
31 0.6637259615384615 0.0791826923076923 0.09723557692307704 0.10920673076923079
2 0.7725240384615385 0.07776442307692308 0.09884615384615386 0.11170673076923077
3 0.8906009615384616 0.09240384615384614 0.1098317307692309 0.08442307692307693
4 0.07473557692307692 0.2865625 0.09290865384615385 0.08245192307692303
5 0.1858653846153846 0.2866346153846153 0.10307692307692307 0.08262019230769233
7 0.3023317307692308 0.2725961538461539 0.10127403846153846 0.10826923076923081
8 0.40084134615384615 0.30846153846153845 0.06353365384615386 0.12343750000000006
9 0.49593750000000003 0.2727163461538462 0.10103365384615379 0.11134615384615383
10 0.6423798076923077 0.2783653846153846 0.1592067307692308 0.09997596153846154
6 0.7868509615384615 0.27233173076923084 0.0946394230769231 0.11057692307692307
1 0.9125000000000001 0.30682692307692305 0.1356249999999999 0.12584134615384615
12 0.1004326923076923 0.5044711538461539 0.14430288461538462 0.12800480769230768
23 0.2499759615384615 0.5054326923076923 0.14076923076923079 0.12706730769230773
21 0.4219471153846154 0.48360576923076926 0.18778846153846154 0.08062500000000004
22 0.6215144230769231 0.498125 0.18533653846153852 0.1124759615384616
24 0.8054807692307692 0.4705048076923077 0.16019230769230766 0.11379807692307686
26 0.9417788461538461 0.4967307692307692 0.09057692307692296 0.10971153846153843
11 0.08987980769230769 0.6781250000000001 0.13165865384615388 0.08223557692307701
13 0.22399038461538462 0.6651442307692308 0.10295673076923073 0.10999999999999997
14 0.33939903846153846 0.6795913461538461 0.10189903846153843 0.07947115384615398
15 0.4497836538461539 0.6639423076923077 0.09072115384615387 0.11605769230769224
16 0.5571153846153846 0.6919230769230769 0.11028846153846153 0.10980769230769219
17 0.6740865384615385 0.6644711538461539 0.09252403846153848 0.10862980769230755
18 0.7839423076923077 0.6793990384615385 0.10293269230769243 0.08084134615384614
19 0.8999038461538462 0.6783894230769231 0.10295673076923087 0.07990384615384617
20 0.0840625 0.8907451923076923 0.10872596153846151 0.10870192307692314
25 0.23290865384615383 0.8750480769230768 0.1575480769230769 0.13668269230769234