4 0.07653846153846154 0.1671875 0.1075 0.09401442307692304
5 0.19829326923076923 0.16778846153846153 0.12079326923076923 0.09012019230769233
6 0.31906249999999997 0.15639423076923079 0.10596153846153843 0.11560096153846154
7 0.43911057692307687 0.1542548076923077 0.11608173076923081 0.11875000000000001
0 0.5546634615384616 0.180625 0.0997115384615385 0.12084134615384617
26 0.6602403846153847 0.18031250000000001 0.09834134615384607 0.11769230769230771
27 0.7740625 0.1821875 0.11086538461538463 0.12396634615384614
28 0.8879567307692308 0.15350961538461538 0.10586538461538453 0.11723557692307694
29 0.07783653846153847 0.33004807692307697 0.11012019230769231 0.12110576923076923
30 0.2057451923076923 0.34473557692307694 0.1264663461538462 0.09197115384615383
31 0.33641826923076923 0.3309615384615385 0.11362980769230765 0.11788461538461543
2 0.4526201923076923 0.33105769230769233 0.10298076923076917 0.11810096153846153
3 0.5748798076923076 0.34634615384615386 0.12495192307692313 0.09298076923076924
1 0.7225480769230769 0.3584615384615385 0.15206730769230767 0.11889423076923072
12 0.8866586538461539 0.35923076923076924 0.15894230769230772 0.11874999999999994
23 0.10201923076923076 0.5342548076923077 0.15596153846153846 0.1168028846153847
8 0.2363221153846154 0.534014423076923 0.09560096153846157 0.11689903846153846
9 0.34939903846153847 0.5060096153846154 0.11177884615384616 0.12132211538461544
10 0.49125 0.5097836538461539 0.15252403846153845 0.1162259615384616
11 0.637860576923077 0.5204086538461539 0.12187500000000011 0.09194711538461539
13 0.7638461538461538 0.5071153846153846 0.10817307692307693 0.11846153846153853
14 0.8830528846153847 0.5200961538461539 0.1112259615384615 0.0938461538461539
15 0.06786057692307691 0.6839663461538461 0.09776442307692308 0.11790865384615373
20 0.17781249999999998 0.709326923076923 0.1076682692307692 0.1155288461538463
21 0.3324278846153846 0.6975 0.18411057692307686 0.09185096153846163
22 0.5355048076923077 0.6983653846153846 0.19550480769230766 0.09108173076923073
24 0.7192307692307692 0.6848557692307692 0.16108173076923074 0.11716346153846156
25 0.8992548076923076 0.6845192307692307 0.16896634615384606 0.1190384615384615
16 0.07875 0.8882451923076923 0.11192307692307693 0.11911057692307682
17 0.1964423076923077 0.8614663461538462 0.10444711538461536 0.11612980769230756
18 0.3173076923076923 0.8734855769230769 0.1159134615384616 0.0895913461538461
19 0.44656250000000003 0.8757692307692307 0.1188221153846154 0.0890865384615386