7 0.12713942307692308 0.05444711538461538 0.06000000000000002 0.06483173076923077
8 0.21721153846153846 0.07125000000000001 0.04233173076923073 0.06637019230769231
9 0.3027163461538462 0.05519230769230769 0.06057692307692305 0.06432692307692309
10 0.4133413461538461 0.05543269230769231 0.08427884615384616 0.06480769230769232
11 0.5278365384615384 0.06153846153846154 0.06605769230769235 0.046947115384615386
30 0.6351201923076922 0.062115384615384614 0.07033653846153844 0.04810096153846154
31 0.735985576923077 0.05367788461538461 0.057692307692307696 0.06326923076923076
2 0.8318509615384616 0.05425480769230769 0.05512019230769219 0.0644471153846154
0 0.12266826923076923 0.16447115384615385 0.051033653846153854 0.0621634615384615
1 0.22072115384615382 0.1639423076923077 0.07084134615384616 0.0614423076923077
12 0.33278846153846153 0.16367788461538463 0.07262019230769226 0.06091346153846155
23 0.44206730769230773 0.16432692307692306 0.07281250000000004 0.062235576923076956
26 0.5406730769230769 0.16444711538461537 0.053701923076923015 0.06245192307692305
27 0.6318990384615385 0.165 0.05103365384615389 0.061562499999999964
28 0.7209134615384615 0.14939903846153846 0.05762019230769237 0.06439903846153848
29 0.8181009615384615 0.14814903846153846 0.05971153846153854 0.06394230769230771
3 0.1311298076923077 0.25185096153846154 0.06593750000000001 0.0489903846153846
4 0.23002403846153846 0.25115384615384617 0.0533894230769231 0.04759615384615387
5 0.32704326923076926 0.2516105769230769 0.06317307692307686 0.05050480769230767
19 0.4301923076923077 0.2519230769230769 0.06512019230769225 0.047091346153846164
20 0.5279567307692308 0.25822115384615385 0.054326923076923134 0.06370192307692307
21 0.6381490384615385 0.25259615384615386 0.09240384615384628 0.04644230769230768
22 0.7707451923076923 0.25822115384615385 0.0951682692307693 0.05971153846153847
24 0.1385576923076923 0.33742788461538464 0.08281250000000004 0.06586538461538456
13 0.2499519230769231 0.3361778846153846 0.05718749999999998 0.0633894230769231
14 0.34634615384615386 0.34444711538461537 0.055673076923076985 0.04788461538461542
15 0.43651442307692306 0.33752403846153844 0.04927884615384615 0.062043269230769235
16 0.5284134615384615 0.3513701923076923 0.05723557692307693 0.06173076923076925
17 0.6239903846153846 0.33557692307692305 0.05608173076923087 0.06418269230769227
18 0.7186057692307692 0.3449519230769231 0.05899038461538453 0.04887019230769227
25 0.8287980769230768 0.3417067307692308 0.08108173076923081 0.07646634615384616
0 0.1305528846153846 0.46204326923076927 0.06278846153846154 0.07874999999999997
8 0.2374519230769231 0.46668269230769227 0.0542067307692308 0.0839903846153846
9 0.3489903846153846 0.44324519230769227 0.07699519230769224 0.08319711538461541
10 0.48846153846153845 0.44401442307692307 0.10951923076923077 0.0827644230769231
11 0.6373317307692308 0.45245192307692306 0.0855528846153847 0.059543269230769184
13 0.7678846153846154 0.44271634615384614 0.07545673076923073 0.08213942307692311
14 0.8915384615384615 0.45334134615384614 0.07036057692307687 0.061322115384615364
29 0.1382451923076923 0.5654086538461539 0.07615384615384614 0.0811298076923077
30 0.27016826923076925 0.5762019230769231 0.09158653846153844 0.060649038461538504
31 0.40189903846153846 0.5649278846153846 0.07264423076923084 0.08216346153846156
2 0.5220673076923077 0.5659134615384616 0.06848557692307694 0.08012019230769227
3 0.6503846153846153 0.5755048076923077 0.08483173076923069 0.061274038461538484
4 0.776875 0.574735576923077 0.06737980769230763 0.059735576923076975
5 0.9016346153846153 0.5750240384615385 0.07853365384615375 0.06230769230769235
21 0.15709134615384615 0.6960096153846155 0.11387019230769233 0.059879807692307614
22 0.32877403846153846 0.7025240384615384 0.12471153846153846 0.07492788461538452
6 0.4711298076923077 0.6866826923076924 0.06923076923076926 0.07930288461538464
19 0.5982692307692308 0.6953846153846153 0.08526442307692314 0.06264423076923063
20 0.7250480769230769 0.7041826923076923 0.0698557692307691 0.0802403846153846
1 0.85375 0.7040144230769231 0.09091346153846167 0.0775480769230769
12 0.14588942307692307 0.8251201923076923 0.0934375 0.07973557692307683
23 0.28668269230769233 0.8256009615384615 0.09288461538461543 0.07867788461538466
7 0.41790865384615383 0.8064423076923077 0.07663461538461537 0.08245192307692296
15 0.5377884615384615 0.807764423076923 0.06379807692307697 0.08108173076923081
16 0.6559134615384615 0.8251682692307691 0.07387019230769235 0.0778125
17 0.7799038461538461 0.8062740384615386 0.07144230769230776 0.08211538461538453
18 0.9017548076923076 0.8166586538461539 0.07271634615384616 0.060793269230769144
27 0.24735576923076924 0.9481009615384616 0.06401442307692307 0.07930288461538464
26 0.1318269230769231 0.9476442307692309 0.06531250000000004 0.08040865384615395
28 0.36314903846153845 0.9294471153846153 0.07124999999999997 0.08117788461538457
24 0.5016586538461538 0.9280528846153846 0.10788461538461537 0.08329326923076917
25 0.6598798076923077 0.9351923076923078 0.10581730769230765 0.09552884615384617