0 0.10185096153846153 0.06572115384615385 0.038461538461538464 0.060817307692307705
3 0.16887019230769232 0.05992788461538461 0.05829326923076923 0.047740384615384615
4 0.24014423076923078 0.059975961538461534 0.04610576923076925 0.04783653846153846
5 0.3080048076923077 0.060168269230769234 0.05560096153846153 0.048245192307692294
6 0.37853365384615384 0.05240384615384615 0.0509375 0.061225961538461535
7 0.4453125 0.05427884615384615 0.04778846153846153 0.0605048076923077
8 0.5076682692307692 0.06713942307692308 0.044783653846153834 0.0621394230769231
9 0.5679086538461539 0.05322115384615385 0.046081730769230805 0.06137019230769231
22 0.6497836538461539 0.06067307692307693 0.0811298076923077 0.04901442307692308
24 0.7423076923076923 0.05283653846153846 0.06637019230769234 0.06057692307692307
25 0.8245673076923077 0.05276442307692307 0.065576923076923 0.06043269230769231
1 0.11254807692307692 0.1837980769230769 0.0613221153846154 0.059591346153846134
12 0.19177884615384616 0.18372596153846155 0.062043269230769235 0.05947115384615387
23 0.2700480769230769 0.18314903846153846 0.062331730769230785 0.0598076923076923
10 0.35591346153846154 0.16990384615384618 0.07930288461538464 0.062331730769230785
11 0.4410817307692308 0.1780528846153846 0.05884615384615389 0.046225961538461514
13 0.5098798076923077 0.17036057692307693 0.046225961538461584 0.059783653846153854
14 0.5754086538461538 0.1776923076923077 0.05105769230769233 0.047379807692307714
15 0.6384134615384615 0.1702403846153846 0.04334134615384609 0.06254807692307694
16 0.700889423076923 0.18310096153846153 0.04509615384615383 0.05973557692307691
17 0.7638461538461538 0.17091346153846151 0.041826923076923025 0.0598076923076923
18 0.8284615384615385 0.17701923076923076 0.05233173076923073 0.047668269230769264
19 0.10762019230769232 0.3192548076923077 0.055961538461538465 0.04653846153846157
20 0.1767548076923077 0.3252884615384615 0.04701923076923077 0.06014423076923073
21 0.2566346153846154 0.3199759615384616 0.08360576923076923 0.04649038461538456
26 0.3373317307692308 0.32600961538461537 0.04367788461538465 0.06310096153846154
27 0.3987740384615384 0.32550480769230766 0.044831730769230714 0.05757211538461536
28 0.46028846153846154 0.31228365384615386 0.04620192307692301 0.05930288461538465
29 0.5235576923076923 0.31201923076923077 0.04497596153846149 0.05913461538461544
30 0.593798076923077 0.3187740384615385 0.06081730769230772 0.047091346153846095
31 0.665673076923077 0.3122355769230769 0.04528846153846162 0.06105769230769225
2 0.7275240384615385 0.3122355769230769 0.04127403846153836 0.05935096153846153
29 0.7961057692307693 0.3032932692307692 0.059735576923076975 0.08223557692307694
30 0.12125 0.4659134615384615 0.0802403846153846 0.06341346153846153
31 0.21627403846153845 0.4575721153846154 0.05992788461538463 0.07980769230769227
2 0.29709134615384614 0.45737980769230774 0.0558413461538462 0.07939903846153853
3 0.38870192307692303 0.4667307692307692 0.07579326923076916 0.062043269230769235
4 0.4816826923076923 0.4668028846153846 0.06343749999999997 0.06305288461538466
5 0.5735576923076923 0.46723557692307693 0.07139423076923074 0.06305288461538466
0 0.6603365384615384 0.4737019230769231 0.05266826923076916 0.07899038461538464
1 0.7530048076923077 0.4742788461538462 0.08322115384615386 0.08016826923076928
12 0.8589663461538461 0.47555288461538464 0.08331730769230762 0.08141826923076924
23 0.12264423076923078 0.6301923076923077 0.08002403846153848 0.07949519230769243
26 0.21555288461538463 0.6313221153846154 0.057019230769230766 0.0817788461538461
10 0.3177884615384615 0.610625 0.10372596153846149 0.0839182692307693
11 0.43211538461538457 0.6218269230769231 0.07548076923076917 0.061802884615384704
13 0.5233653846153846 0.6120673076923077 0.061129807692307706 0.08079326923076927
14 0.6105048076923076 0.6216586538461539 0.06418269230769227 0.062427884615384684
15 0.6952163461538461 0.6116586538461538 0.054807692307692196 0.08449519230769226
16 0.7765625 0.6295673076923076 0.0627644230769231 0.07973557692307683
17 0.8614423076923077 0.6132692307692308 0.05822115384615391 0.07992788461538461
18 0.11581730769230769 0.7751442307692307 0.06937499999999999 0.06293269230769219
19 0.2099519230769231 0.7757932692307693 0.0728365384615385 0.06271634615384623
20 0.3004807692307692 0.7838942307692308 0.06312499999999997 0.07891826923076933
21 0.4099038461538462 0.7753125 0.10615384615384621 0.06324519230769218
22 0.5425240384615384 0.7752163461538462 0.10697115384615384 0.06302884615384621
24 0.6641105769230768 0.7668269230769231 0.08872596153846146 0.0808173076923077
27 0.7615865384615385 0.782860576923077 0.05831730769230767 0.07834134615384623
28 0.8436778846153847 0.7660576923076923 0.06024038461538449 0.07867788461538466
6 0.11430288461538461 0.9192067307692308 0.06786057692307693 0.0836298076923076
7 0.20163461538461538 0.9209134615384615 0.06372596153846152 0.0810096153846155
8 0.28673076923076923 0.9407932692307692 0.05665865384615383 0.08322115384615386
9 0.36817307692307694 0.9207692307692308 0.061754807692307685 0.08072115384615394
25 0.4654326923076923 0.9206490384615384 0.08800480769230773 0.08048076923076927