0 0.10137019230769231 0.10430288461538462 0.019350961538461532 0.02877403846153846
1 0.13079326923076923 0.10466346153846154 0.02521634615384614 0.027019230769230757
11 0.16435096153846154 0.10211538461538461 0.026466346153846132 0.023918269230769236
13 0.19492788461538463 0.09911057692307691 0.02127403846153845 0.02834134615384617
14 0.22307692307692306 0.10245192307692307 0.023076923076923064 0.02218750000000001
15 0.25048076923076923 0.09817307692307693 0.018605769230769252 0.03127403846153847
16 0.27694711538461536 0.10519230769230768 0.021850961538461548 0.027692307692307683
17 0.30502403846153847 0.09887019230769231 0.020312499999999973 0.027884615384615372
18 0.33278846153846153 0.10161057692307693 0.022932692307692355 0.02374999999999999
19 0.3636057692307692 0.10168269230769231 0.02367788461538467 0.02230769230769231
20 0.3925 0.10442307692307692 0.022163461538461604 0.026129807692307702
12 0.42396634615384615 0.10463942307692307 0.027403846153846098 0.026610576923076907
23 0.4581730769230769 0.10478365384615386 0.028533653846153858 0.026875000000000017
26 0.4886057692307692 0.10526442307692307 0.020456730769230748 0.027836538461538458
27 0.5153125000000001 0.10490384615384615 0.019399038461538447 0.027115384615384618
28 0.5425 0.09947115384615385 0.020889423076923073 0.027980769230769233
29 0.5695432692307693 0.10019230769230769 0.02211538461538459 0.027283653846153832
30 0.6012019230769231 0.10319711538461539 0.026514423076923012 0.022067307692307674
25 0.6356490384615385 0.09956730769230769 0.031322115384615316 0.02887019230769232
31 0.6683413461538461 0.09930288461538463 0.020600961538461658 0.028317307692307694
2 0.6941826923076923 0.09903846153846155 0.022163461538461604 0.027836538461538458
3 0.7244711538461538 0.10139423076923076 0.028076923076922958 0.0225
4 0.7543509615384616 0.10173076923076924 0.020312500000000108 0.023173076923076925
5 0.7844230769230769 0.10168269230769231 0.026346153846153932 0.023076923076923064
6 0.8146875 0.09858173076923077 0.022788461538461584 0.030889423076923064
7 0.8441346153846154 0.09949519230769231 0.02360576923076935 0.028725961538461544
8 0.10103365384615384 0.16338942307692308 0.019783653846153857 0.028317307692307694
9 0.12865384615384617 0.15822115384615382 0.020937499999999984 0.025985576923076927
10 0.16274038461538462 0.15685096153846154 0.035 0.029254807692307663
21 0.2039903846153846 0.1601923076923077 0.03538461538461538 0.021923076923076934
22 0.24735576923076924 0.16076923076923075 0.037980769230769255 0.023076923076923064
24 0.2874278846153846 0.15798076923076923 0.03096153846153845 0.029519230769230773
4 0.3216826923076923 0.15786057692307692 0.024399038461538406 0.027259615384615393
5 0.35634615384615387 0.15838942307692308 0.02959134615384616 0.026322115384615357
6 0.39245192307692306 0.15367788461538462 0.02569711538461538 0.034903846153846146
7 0.42612980769230774 0.15459134615384615 0.026923076923076897 0.0347596153846154
8 0.45716346153846155 0.16213942307692308 0.02569711538461538 0.03382211538461537
9 0.48831730769230763 0.1555528846153846 0.027115384615384548 0.0326442307692308
10 0.5282692307692307 0.15473557692307693 0.04151442307692303 0.03504807692307695
11 0.5714903846153846 0.15812500000000002 0.03117788461538468 0.025769230769230766
13 0.6065384615384615 0.15569711538461536 0.025192307692307736 0.03096153846153845
25 0.6437980769230769 0.15528846153846151 0.03562500000000012 0.032139423076923086
31 0.6811298076923078 0.15521634615384614 0.025721153846153956 0.03197115384615387
2 0.7122596153846155 0.1546153846153846 0.02427884615384621 0.032812500000000015
3 0.7474759615384615 0.15853365384615387 0.03264423076923087 0.026634615384615416
19 0.7843028846153846 0.15920673076923078 0.030120192307692244 0.02593749999999998
20 0.8183653846153847 0.16149038461538462 0.026177884615384582 0.0325480769230769
21 0.8596874999999999 0.15882211538461538 0.04271634615384611 0.025168269230769227
22 0.11329326923076924 0.22247596153846153 0.044278846153846155 0.030264423076923085
24 0.15963942307692308 0.21913461538461537 0.038846153846153836 0.0336057692307692
14 0.1992548076923077 0.22204326923076925 0.02906250000000001 0.02908653846153845
15 0.22959134615384616 0.21723557692307693 0.02399038461538459 0.03466346153846151
16 0.2616826923076923 0.22490384615384615 0.024903846153846117 0.032283653846153865
17 0.2940625 0.2177644230769231 0.026394230769230746 0.03319711538461539
18 0.32596153846153847 0.22060096153846154 0.029447115384615384 0.02622596153846153
0 0.3595673076923077 0.2236298076923077 0.020769230769230738 0.03480769230769228
1 0.3945192307692308 0.2255528846153846 0.032475961538461516 0.033581730769230766
12 0.4344951923076923 0.22509615384615383 0.0339423076923077 0.03521634615384617
23 0.47423076923076923 0.2242548076923077 0.03497596153846157 0.03350961538461538
26 0.5093990384615384 0.22437500000000002 0.02451923076923074 0.03584134615384615
27 0.5421153846153847 0.22509615384615383 0.026538461538461587 0.03379807692307693
28 0.5721634615384615 0.21737980769230772 0.026995192307692352 0.03317307692307695
29 0.6045673076923077 0.21800480769230768 0.026995192307692352 0.03158653846153843
30 0.6398076923076924 0.2218269230769231 0.03526442307692298 0.027932692307692318
5 0.6786778846153846 0.22064903846153847 0.033485576923076806 0.028413461538461523
6 0.7176682692307692 0.21435096153846153 0.029807692307692254 0.038413461538461514
7 0.7567548076923077 0.21737980769230772 0.03158653846153843 0.03600961538461536
8 0.7942788461538461 0.2246153846153846 0.027451923076922978 0.03915865384615383
9 0.8282451923076923 0.21632211538461538 0.027548076923077012 0.036730769230769234
10 0.8747115384615385 0.21588942307692308 0.04692307692307688 0.03867788461538462
11 0.10901442307692308 0.28639423076923076 0.03701923076923078 0.02980769230769232
13 0.1483894230769231 0.2841105769230769 0.03096153846153845 0.03656250000000002
14 0.18677884615384616 0.2879807692307692 0.03139423076923077 0.03014423076923075
15 0.22324519230769233 0.28305288461538464 0.02512019230769228 0.040096153846153865
2 0.25802884615384614 0.2834615384615385 0.02935096153846156 0.03810096153846153
3 0.2967548076923077 0.2873317307692308 0.0363701923076923 0.028822115384615408
4 0.33721153846153845 0.2870673076923077 0.02899038461538462 0.031153846153846174
18 0.37699519230769235 0.2874278846153846 0.03302884615384617 0.031850961538461536
19 0.41810096153846155 0.2876201923076923 0.033052884615384616 0.029423076923076944
20 0.4567548076923077 0.29033653846153845 0.028317307692307628 0.03766826923076927
21 0.5044471153846154 0.2880528846153846 0.05019230769230768 0.030312499999999964
22 0.5622596153846154 0.28776442307692307 0.049879807692307696 0.029711538461538425
23 0.6140384615384615 0.290625 0.04074519230769242 0.038269230769230805
26 0.6547596153846154 0.2908894230769231 0.025576923076923046 0.04163461538461537
27 0.690264423076923 0.2919471153846154 0.028725961538461648 0.035240384615384604
28 0.7254567307692308 0.28396634615384614 0.028413461538461658 0.03625000000000003
29 0.7622836538461539 0.2842548076923077 0.028533653846153858 0.03682692307692306
30 0.8020673076923077 0.28889423076923076 0.037788461538461604 0.029134615384615394
31 0.8425240384615384 0.28451923076923075 0.027812500000000122 0.03735576923076921
24 0.8859134615384616 0.2836778846153846 0.04103365384615397 0.03564903846153849
25 0.11151442307692308 0.35665865384615386 0.04204326923076922 0.0374278846153846
16 0.1552403846153846 0.36259615384615385 0.03048076923076925 0.037980769230769255
17 0.19117788461538462 0.35531250000000003 0.026033653846153876 0.03757211538461537
0 0.22641826923076921 0.36211538461538456 0.022980769230769235 0.03699519230769228
1 0.26639423076923074 0.3627403846153846 0.03502403846153845 0.03543269230769233
12 0.3119230769230769 0.3638942307692308 0.039326923076923107 0.039519230769230765
0 0.35103365384615387 0.3615625 0.026490384615384572 0.04245192307692314
2 0.38872596153846156 0.35336538461538464 0.03100961538461533 0.038701923076923134
3 0.4333173076923077 0.35745192307692303 0.041730769230769266 0.034206730769230816
4 0.47899038461538457 0.3573317307692308 0.03437500000000003 0.034014423076923025
5 0.5246153846153846 0.3575 0.03709134615384617 0.03435096153846159
6 0.5690144230769231 0.35223557692307694 0.03480769230769235 0.04403846153846152
7 0.6121875 0.35362980769230773 0.03507211538461533 0.041778846153846146
8 0.6532932692307691 0.36161057692307697 0.03129807692307688 0.04509615384615383
9 0.6934615384615385 0.35396634615384615 0.03317307692307681 0.04245192307692314
10 0.7454086538461537 0.3523557692307693 0.05358173076923068 0.04427884615384619
11 0.7997596153846154 0.3583173076923077 0.040817307692307736 0.031418269230769215
13 0.8451442307692307 0.35290865384615383 0.03288461538461526 0.04031249999999996
27 0.8857451923076923 0.3610817307692308 0.030576923076923144 0.04151442307692303
28 0.1075 0.4291105769230769 0.032812500000000015 0.04235576923076924
29 0.14817307692307694 0.4299278846153846 0.03319711538461539 0.04252403846153845
25 0.1973798076923077 0.4302644230769231 0.045552884615384585 0.04072115384615384
14 0.24572115384615384 0.43487980769230766 0.03600961538461536 0.0347355769230769
15 0.28694711538461537 0.4279326923076923 0.02987980769230771 0.043629807692307634
16 0.3278846153846154 0.43793269230769233 0.03331730769230772 0.04084134615384617
17 0.36949519230769234 0.4287980769230769 0.03048076923076925 0.04031249999999996
18 0.4103846153846154 0.43374999999999997 0.0363701923076923 0.032475961538461516
19 0.45687500000000003 0.4341586538461539 0.03824519230769237 0.032283653846153865
1 0.5070673076923077 0.4387259615384615 0.04379807692307699 0.04242788461538456
12 0.5590144230769231 0.43875000000000003 0.04516826923076928 0.04245192307692314
23 0.6093269230769229 0.4383173076923077 0.04204326923076925 0.04161057692307693
26 0.6557211538461538 0.43795673076923075 0.03108173076923065 0.04343749999999998
30 0.7002403846153846 0.4339903846153846 0.044206730769230734 0.03192307692307686
31 0.7462980769230769 0.42997596153846157 0.03259615384615371 0.04262019230769235
20 0.7869711538461538 0.4382451923076923 0.0329807692307693 0.041490384615384596
21 0.8397355769230769 0.43427884615384615 0.054951923076923107 0.03353365384615382
22 0.9063942307692308 0.43394230769230774 0.05670673076923084 0.03283653846153852
24 0.11432692307692308 0.5105528846153846 0.0489903846153846 0.041826923076923025
31 0.1610096153846154 0.5090625 0.03355769230769233 0.046466346153846115
2 0.20552884615384615 0.5093269230769231 0.031514423076923107 0.04701923076923077
3 0.25314903846153847 0.5138221153846154 0.04596153846153847 0.03572115384615388
4 0.30536057692307694 0.51375 0.03632211538461542 0.0355769230769231
5 0.35365384615384615 0.5136057692307692 0.03930288461538467 0.0353125
6 0.4047115384615385 0.5084855769230769 0.03418269230769237 0.04783653846153841
7 0.4531971153846154 0.5096153846153846 0.03593749999999997 0.045024038461538504
8 0.4983653846153846 0.5191346153846154 0.03266826923076917 0.047091346153846095
9 0.5431730769230769 0.509639423076923 0.03622596153846152 0.045072115384615384
27 0.5881009615384616 0.5184615384615385 0.03502403846153845 0.04500000000000007
28 0.6329086538461539 0.5087259615384615 0.03350961538461551 0.045793269230769255
29 0.6778846153846154 0.5090384615384616 0.03490384615384611 0.046418269230769235
30 0.7290865384615385 0.5140384615384616 0.04749999999999998 0.0361538461538462
11 0.7850721153846153 0.5134375 0.044350961538461645 0.03495192307692312
13 0.834951923076923 0.5090865384615385 0.03528846153846142 0.04399038461538464
22 0.8948076923076923 0.5141586538461538 0.06389423076923087 0.03641826923076918
24 0.11709134615384616 0.5908653846153846 0.0524519230769231 0.04538461538461537
25 0.17620192307692306 0.5911298076923077 0.05129807692307693 0.046129807692307685
10 0.24197115384615384 0.590889423076923 0.056298076923076965 0.04817307692307697
0 0.29723557692307695 0.6015625 0.0301923076923077 0.04500000000000007
1 0.3480528846153846 0.6006730769230769 0.045793269230769255 0.04495192307692319
12 0.4058413461538462 0.5996634615384615 0.04749999999999998 0.04548076923076927
23 0.46194711538461536 0.6012500000000001 0.04334134615384622 0.04610576923076911
14 0.5143509615384615 0.5970913461538461 0.039326923076923107 0.03526442307692312
15 0.5614903846153847 0.5900480769230769 0.032379807692307756 0.04903846153846148
16 0.6053125 0.6008894230769232 0.036538461538461645 0.04538461538461537
17 0.6517307692307692 0.5907451923076923 0.0306730769230769 0.0453365384615385
18 0.6975 0.5960336538461538 0.04122596153846148 0.03569711538461544
19 0.7481009615384615 0.5968269230769231 0.041249999999999926 0.0347355769230769
20 0.7975 0.6004326923076924 0.036298076923076975 0.04701923076923077
21 0.8564663461538462 0.5963221153846153 0.060600961538461624 0.036298076923076975
26 0.9147596153846155 0.6014182692307692 0.0329807692307693 0.046466346153846254
0 0.10913461538461539 0.6917307692307693 0.03353365384615385 0.05247596153846164
7 0.1593269230769231 0.6822115384615385 0.040336538461538465 0.05112980769230765
8 0.20923076923076925 0.692548076923077 0.0376682692307692 0.0531490384615385
9 0.25771634615384614 0.6819471153846154 0.03973557692307693 0.05064903846153858
10 0.3208894230769231 0.6804086538461539 0.06485576923076927 0.05086538461538454
11 0.38764423076923077 0.6869711538461538 0.046514423076923134 0.037932692307692244
13 0.44216346153846153 0.6811778846153846 0.039182692307692335 0.049110576923076806
14 0.49533653846153847 0.6866586538461538 0.04180288461538458 0.039807692307692176
15 0.5445432692307692 0.6800480769230769 0.03644230769230775 0.054423076923076893
16 0.5935096153846154 0.6921153846153847 0.04079326923076916 0.05074519230769234
17 0.6435336538461538 0.6812499999999999 0.037067307692307594 0.049254807692307716
18 0.6958894230769231 0.6862980769230769 0.04310096153846142 0.039086538461538436
22 0.7642548076923077 0.6868269230769232 0.0659615384615386 0.040144230769230876
1 0.8360576923076923 0.6920432692307692 0.0535336538461538 0.05057692307692299
12 0.8986778846153847 0.6917788461538461 0.053942307692307824 0.050072115384615486
23 0.11653846153846154 0.7837980769230769 0.05091346153846152 0.051923076923076975
2 0.17329326923076924 0.7737980769230769 0.03536057692307694 0.049639423076923025
3 0.22711538461538464 0.7793509615384615 0.04935096153846154 0.03795673076923068
4 0.28274038461538464 0.7786538461538461 0.039134615384615386 0.03911057692307688
5 0.3375961538461538 0.7800480769230769 0.04764423076923075 0.03935096153846155
6 0.39254807692307697 0.7721153846153845 0.0411778846153846 0.053846153846153794
24 0.4518028846153846 0.7738461538461539 0.053413461538461604 0.04971153846153834
25 0.5205528846153846 0.7731971153846153 0.054278846153846115 0.0484134615384615
19 0.5828365384615385 0.779110576923077 0.04605769230769237 0.039999999999999966
20 0.6358413461538461 0.7846394230769231 0.039423076923076866 0.04850961538461526
21 0.70125 0.7782211538461539 0.0664663461538461 0.04074519230769242
26 0.7646875000000001 0.7835576923076922 0.033918269230769266 0.0514182692307692
27 0.8132451923076923 0.7844711538461537 0.03742788461538474 0.0507211538461539
28 0.8619471153846153 0.7735096153846153 0.03867788461538469 0.04903846153846148
29 0.9119951923076923 0.7742067307692307 0.04007211538461529 0.05045673076923079
30 0.1178125 0.8715144230769231 0.05088942307692308 0.04002403846153841
31 0.17336538461538462 0.8653846153846154 0.038028846153846135 0.048966346153846166