0 0.08134615384615386 0.1759855769230769 0.06995192307692306 0.0926923076923077
23 0.20834134615384617 0.17555288461538462 0.11447115384615386 0.09526442307692307
26 0.33615384615384614 0.17348557692307692 0.07475961538461544 0.08550480769230767
27 0.4501201923076923 0.17250000000000001 0.08290865384615387 0.08831730769230771
28 0.5614903846153847 0.15064903846153846 0.0790144230769231 0.0866586538461538
29 0.6745673076923077 0.15211538461538462 0.0819711538461539 0.08274038461538466
2 0.7881730769230769 0.15117788461538462 0.07564903846153853 0.08427884615384616
8 0.8891826923076922 0.1776923076923077 0.05935096153846167 0.09954326923076923
9 0.08442307692307692 0.32221153846153844 0.07959134615384615 0.08637019230769233
10 0.21913461538461537 0.3256730769230769 0.1257932692307692 0.07956730769230774
11 0.36860576923076926 0.33221153846153845 0.1053125 0.06516826923076927
16 0.4988461538461539 0.3428125 0.08420673076923084 0.08637019230769233
17 0.6131490384615385 0.3227884615384615 0.0758894230769232 0.08192307692307689
18 0.724951923076923 0.3327403846153846 0.08658653846153842 0.0614423076923077
19 0.8455528846153846 0.3323076923076923 0.08396634615384603 0.06314903846153842
20 0.08745192307692308 0.5135096153846154 0.08564903846153848 0.08435096153846161
22 0.23081730769230768 0.5126442307692307 0.14646634615384618 0.08608173076923077
24 0.3967307692307692 0.49322115384615384 0.12382211538461536 0.08540865384615379
25 0.5562259615384615 0.5029567307692308 0.12685096153846148 0.1038942307692307
4 0.6904567307692309 0.5019951923076923 0.0793990384615384 0.06475961538461537
5 0.8044230769230769 0.5023557692307692 0.0806971153846155 0.0655048076923077
6 0.9173798076923076 0.4902163461538462 0.07651442307692317 0.08930288461538456
1 0.10209134615384616 0.685264423076923 0.11144230769230773 0.09478365384615373
12 0.25050480769230765 0.6860817307692308 0.11639423076923074 0.09639423076923083
30 0.38658653846153845 0.6720913461538461 0.0966586538461538 0.06499999999999992
31 0.5072355769230769 0.6616346153846154 0.08040865384615382 0.08185096153846143
13 0.618798076923077 0.6602884615384615 0.08031249999999993 0.08600961538461532
14 0.7345673076923076 0.6724759615384616 0.08180288461538456 0.06235576923076936
15 0.8444951923076923 0.6600480769230769 0.07153846153846152 0.08896634615384613
3 0.09004807692307693 0.8434855769230769 0.09425480769230768 0.06466346153846149
7 0.20877403846153844 0.8316586538461539 0.08444711538461537 0.085625
21 0.35423076923076924 0.8420673076923078 0.13838942307692306 0.06497596153846147