0 0.09057692307692308 0.13737980769230768 0.08019230769230769 0.10528846153846153
31 0.21278846153846154 0.10995192307692309 0.08903846153846152 0.09132211538461538
2 0.33786057692307697 0.11012019230769231 0.08680288461538464 0.09403846153846154
3 0.46942307692307694 0.12146634615384616 0.10468750000000003 0.07346153846153847
4 0.603125 0.12137019230769232 0.08608173076923077 0.07088942307692306
5 0.7314423076923077 0.12185096153846153 0.08788461538461526 0.07182692307692307
6 0.8607211538461539 0.10740384615384616 0.08442307692307693 0.09822115384615385
7 0.09572115384615384 0.30317307692307693 0.09528846153846154 0.09550480769230774
8 0.21358173076923076 0.3333653846153846 0.061802884615384635 0.1102163461538462
9 0.3281490384615384 0.3021394230769231 0.089014423076923 0.0958653846153846
10 0.4809615384615385 0.30759615384615385 0.14218749999999994 0.08656249999999997
1 0.6539903846153846 0.3297596153846154 0.1253125 0.10543269230769234
27 0.8053125 0.3259375 0.09377403846153844 0.09778846153846156
28 0.9312019230769231 0.3013221153846154 0.08596153846153844 0.0966586538461538
11 0.1083173076923077 0.5064903846153845 0.11567307692307693 0.07187499999999994
12 0.27132211538461537 0.523485576923077 0.12915865384615388 0.10247596153846153
13 0.4199038461538462 0.49449519230769234 0.08980769230769234 0.09358173076923079
14 0.5494711538461539 0.5067307692307692 0.09175480769230773 0.07084134615384621
24 0.7033413461538461 0.49514423076923075 0.1374759615384614 0.09485576923076919
15 0.8512740384615385 0.4933413461538461 0.07992788461538461 0.09843749999999997
23 0.11485576923076923 0.7171634615384614 0.12877403846153845 0.10569711538461544
26 0.2597596153846154 0.7141105769230769 0.08204326923076923 0.09531249999999994
16 0.38932692307692307 0.7131490384615385 0.0959615384615385 0.09579326923076928
17 0.518389423076923 0.688485576923077 0.0848798076923077 0.0920913461538463
18 0.6480769230769231 0.7009134615384615 0.09903846153846164 0.06980769230769222
19 0.7838461538461539 0.700889423076923 0.09173076923076916 0.07124999999999997
20 0.9180769230769231 0.7128605769230769 0.09579326923076928 0.09521634615384619
21 0.12735576923076922 0.8926201923076923 0.15375 0.07247596153846149
22 0.3245432692307692 0.9051682692307692 0.16348557692307691 0.09504807692307683
25 0.5153125000000001 0.8913461538461539 0.14230769230769227 0.12040865384615393
29 0.6695673076923078 0.8812980769230769 0.09134615384615384 0.09312500000000003
30 0.8082932692307693 0.8920913461538462 0.11177884615384616 0.07144230769230776