28 0.06841346153846153 0.168125 0.046249999999999986 0.05057692307692306
29 0.13454326923076923 0.16826923076923078 0.047187499999999986 0.0489903846153846
30 0.20483173076923075 0.1738701923076923 0.05831730769230767 0.038028846153846135
31 0.2746153846153846 0.16860576923076923 0.04812500000000002 0.04966346153846153
4 0.3403846153846154 0.1739423076923077 0.04653846153846157 0.038173076923076914
5 0.40581730769230767 0.1739423076923077 0.0479326923076923 0.038173076923076914
9 0.4731490384615385 0.16774038461538462 0.04576923076923082 0.0498076923076923
10 0.5509375 0.17060096153846155 0.07377403846153846 0.044447115384615404
11 0.638389423076923 0.17444711538461538 0.06004807692307697 0.03733173076923077
16 0.7129086538461539 0.17915865384615384 0.050072115384615486 0.04860576923076923
17 0.7806490384615384 0.1678125 0.04317307692307701 0.048100961538461516
18 0.846201923076923 0.17389423076923077 0.05223557692307697 0.03620192307692308
22 0.08771634615384616 0.27915865384615385 0.08298076923076922 0.05072115384615383
24 0.1846875 0.2670192307692308 0.0716826923076923 0.0523317307692308
12 0.2734615384615385 0.28064903846153844 0.06798076923076923 0.055576923076923086
23 0.3597836538461538 0.28110576923076924 0.0668269230769231 0.055721153846153865
26 0.4360576923076923 0.2790384615384615 0.04372596153846153 0.05050480769230767
27 0.5007692307692307 0.2794230769230769 0.047379807692307645 0.05124999999999998
2 0.5668028846153846 0.266875 0.0452403846153846 0.048389423076923066
3 0.6363701923076923 0.27293269230769235 0.05516826923076934 0.03829326923076925
0 0.7024038461538461 0.2803846153846154 0.042019230769230816 0.0550240384615385
1 0.7761778846153846 0.2801682692307692 0.06653846153846142 0.05459134615384617
25 0.8666105769230769 0.2721875 0.0745432692307692 0.06266826923076921
13 0.07100961538461538 0.38771634615384615 0.04771634615384617 0.04968750000000004
14 0.13624999999999998 0.39324519230769234 0.04875 0.03853365384615392
15 0.20096153846153844 0.38584134615384613 0.0425721153846154 0.051442307692307634
6 0.2606009615384615 0.3845192307692308 0.04411057692307691 0.0524759615384615
7 0.32701923076923073 0.3862980769230769 0.04939903846153849 0.05052884615384611
8 0.38709134615384616 0.4029086538461539 0.03266826923076917 0.057860576923076903
19 0.44795673076923076 0.3926442307692308 0.04903846153846148 0.037307692307692264
20 0.5165144230769231 0.3990625 0.049302884615384596 0.05016826923076924
21 0.5975 0.39326923076923076 0.08180288461538456 0.0385817307692308
0 0.6862980769230769 0.39800480769230767 0.052307692307692284 0.0702163461538461
1 0.7801201923076923 0.3990625 0.08447115384615381 0.07048076923076921
28 0.8763701923076923 0.37990384615384615 0.057115384615384596 0.06545673076923081
29 0.0773076923076923 0.5074038461538461 0.06117788461538462 0.06158653846153847
30 0.16838942307692306 0.5150721153846154 0.07420673076923077 0.04918269230769226
31 0.25903846153846155 0.5079086538461538 0.06134615384615387 0.0625961538461539
5 0.3430048076923077 0.5154567307692308 0.05913461538461544 0.048100961538461516
6 0.42759615384615385 0.5049759615384615 0.05637019230769228 0.0659855769230769
7 0.5113221153846154 0.5077163461538462 0.06295673076923076 0.062235576923076893
8 0.5882932692307692 0.5285096153846154 0.04122596153846148 0.07418269230769234
9 0.6617307692307691 0.5072355769230769 0.05944711538461543 0.06495192307692303
10 0.7622115384615384 0.5110576923076923 0.09319711538461534 0.05778846153846159
15 0.8625240384615385 0.5062019230769231 0.053461538461538484 0.0665625
16 0.07884615384615384 0.6509855769230769 0.0633894230769231 0.061947115384615344
17 0.16413461538461538 0.6353125000000001 0.054615384615384614 0.062235576923076893
18 0.2488221153846154 0.6426923076923077 0.0649278846153846 0.047427884615384656
22 0.36233173076923075 0.6510336538461539 0.1088942307692308 0.06411057692307683
25 0.48874999999999996 0.6419951923076923 0.0954807692307693 0.07930288461538464
11 0.5862980769230769 0.6435817307692309 0.0779086538461539 0.047331730769230904
13 0.6806490384615385 0.635048076923077 0.05951923076923075 0.06355769230769244
14 0.7676682692307693 0.6431490384615385 0.06158653846153847 0.04831730769230775
12 0.8661298076923077 0.6539423076923078 0.08687499999999997 0.07175480769230774
23 0.09055288461538462 0.7832692307692307 0.08497596153846153 0.06971153846153846
26 0.18492788461538462 0.7813461538461539 0.0555048076923077 0.06399038461538463
27 0.2704326923076923 0.7817548076923077 0.060120192307692284 0.0648076923076924
19 0.3587980769230769 0.7727644230769232 0.061177884615384585 0.04682692307692312
20 0.44721153846153844 0.7806730769230769 0.06420673076923072 0.06451923076923084
21 0.5531490384615385 0.7726682692307693 0.1040865384615385 0.04846153846153838
2 0.6588701923076923 0.7645913461538462 0.05661057692307681 0.0619230769230769
3 0.7474759615384615 0.7728605769230769 0.06930288461538471 0.04884615384615397
4 0.8345192307692308 0.7718750000000001 0.05848557692307702 0.04874999999999993
24 0.9364182692307692 0.7644471153846154 0.09338942307692313 0.06533653846153833