0 0.11413461538461538 0.0686298076923077 0.04031249999999999 0.06295673076923078
3 0.18504807692307693 0.06192307692307692 0.059783653846153854 0.04954326923076923
4 0.2594230769230769 0.062115384615384614 0.0489903846153846 0.049903846153846146
2 0.3252884615384615 0.05425480769230769 0.04305288461538467 0.06480769230769229
22 0.4099278846153846 0.06149038461538461 0.08629807692307687 0.05088942307692308
24 0.5062259615384616 0.0546875 0.0705769230769231 0.06346153846153847
5 0.5870913461538462 0.062115384615384614 0.0574759615384616 0.04776442307692307
6 0.6609615384615384 0.05295673076923077 0.050072115384615486 0.06658653846153847
7 0.7295673076923077 0.054543269230769235 0.049639423076923025 0.06538461538461537
8 0.7961778846153845 0.07024038461538461 0.04543269230769225 0.06401442307692307
9 0.8608653846153846 0.054495192307692314 0.047764423076923086 0.0652644230769231
10 0.13360576923076922 0.17685096153846153 0.0814663461538462 0.06742788461538464
11 0.22158653846153847 0.1863701923076923 0.06076923076923077 0.0493269230769231
18 0.2986057692307692 0.18536057692307692 0.05310096153846148 0.049495192307692316
19 0.37259615384615385 0.1851923076923077 0.0568028846153846 0.04915865384615382
20 0.44423076923076926 0.19170673076923078 0.047139423076923107 0.06435096153846157
21 0.5295913461538462 0.18509615384615385 0.0867307692307692 0.051153846153846154
1 0.6230528846153847 0.1913942307692308 0.06384615384615372 0.061562500000000034
12 0.7078125 0.19197115384615385 0.0646153846153846 0.06487980769230771
23 0.7902163461538462 0.19153846153846155 0.06384615384615372 0.06399038461538463
26 0.8644951923076923 0.19353365384615387 0.041923076923077056 0.06581730769230767
27 0.11545673076923077 0.31358173076923074 0.047355769230769236 0.06336538461538464
13 0.18110576923076924 0.3011298076923076 0.0453365384615385 0.0625
14 0.2493028846153846 0.3083653846153846 0.05060096153846157 0.0507211538461539
15 0.31473557692307697 0.2976923076923077 0.04377403846153841 0.06653846153846156
16 0.3801201923076923 0.31358173076923074 0.05002403846153847 0.06182692307692314
17 0.44682692307692307 0.2995673076923077 0.04355769230769232 0.06374999999999996
28 0.5117548076923076 0.30074519230769237 0.04668269230769235 0.0638701923076923
29 0.5774759615384615 0.3000480769230769 0.0492067307692307 0.0647115384615385
30 0.6532451923076923 0.3073798076923077 0.06305288461538466 0.04874999999999993
31 0.7273798076923076 0.2999038461538462 0.04740384615384622 0.06439903846153844
25 0.8046153846153847 0.30028846153846156 0.06855769230769226 0.06514423076923076
29 0.12475961538461539 0.44240384615384615 0.06374999999999999 0.0849759615384616
30 0.22338942307692308 0.4511538461538462 0.08401442307692306 0.06533653846153847
31 0.3234134615384615 0.4407932692307692 0.061177884615384585 0.08391826923076916
2 0.40978365384615384 0.43971153846153843 0.05824519230769235 0.08394230769230773
3 0.5039663461538462 0.4513942307692308 0.08134615384615379 0.06360576923076919
4 0.6035336538461539 0.45105769230769227 0.06413461538461526 0.06514423076923083
5 0.6992067307692308 0.4505528846153846 0.07411057692307702 0.06415865384615384
6 0.8000721153846153 0.4408413461538461 0.06605769230769235 0.0862019230769231
7 0.8909374999999999 0.44175480769230774 0.0642307692307693 0.0849759615384616
8 0.1225 0.6233173076923078 0.05704326923076924 0.0862019230769231
9 0.2088221153846154 0.6033173076923076 0.0614423076923077 0.08338942307692307
10 0.3177403846153846 0.6020432692307692 0.1057211538461539 0.08716346153846152
11 0.438125 0.6125240384615385 0.07862980769230764 0.06463942307692304
13 0.5347115384615384 0.6034855769230769 0.059831730769230734 0.08372596153846164
14 0.6264182692307692 0.6126923076923076 0.06733173076923074 0.06499999999999992
22 0.7418269230769231 0.6125 0.1156490384615385 0.06459134615384617
1 0.8696153846153846 0.6205769230769231 0.08495192307692315 0.08295673076923074
12 0.1363701923076923 0.7847596153846154 0.08262019230769228 0.08353365384615384
23 0.24665865384615385 0.7859134615384615 0.08249999999999999 0.0836298076923076
26 0.3437740384615384 0.7855528846153846 0.0581730769230769 0.08507211538461536
27 0.43072115384615384 0.7855769230769231 0.061610576923076914 0.08295673076923074
15 0.5137019230769231 0.7647596153846153 0.05492788461538467 0.08776442307692306
16 0.5991826923076923 0.7850480769230769 0.06639423076923077 0.08406250000000007
0 0.6869471153846154 0.7847596153846154 0.05324519230769225 0.08134615384615393
28 0.7739182692307692 0.7661298076923077 0.05966346153846166 0.08338942307692293
17 0.8592788461538461 0.7667788461538462 0.05990384615384606 0.08480769230769224
18 0.12951923076923078 0.93875 0.07110576923076922 0.065889423076923
19 0.22771634615384617 0.9403365384615385 0.07521634615384613 0.062475961538461564
20 0.3225961538461538 0.9484615384615385 0.06173076923076925 0.0831250000000001
21 0.4375721153846154 0.9398798076923077 0.1102644230769231 0.06374999999999996
24 0.5659375 0.9299759615384615 0.08949519230769235 0.08329326923076917
25 0.6836057692307692 0.9301923076923077 0.0888221153846155 0.08372596153846164