28 0.05478365384615384 0.10911057692307692 0.09033653846153845 0.12389423076923076
29 0.15115384615384617 0.10901442307692306 0.09079326923076922 0.12425480769230769
30 0.26348557692307695 0.12406249999999999 0.12072115384615384 0.09427884615384616
31 0.3753365384615384 0.10860576923076923 0.090673076923077 0.1258653846153846
2 0.46810096153846154 0.10807692307692308 0.0828365384615384 0.1272355769230769
3 0.5739182692307693 0.12427884615384616 0.11901442307692306 0.09471153846153847
4 0.6863942307692308 0.12353365384615385 0.0915144230769232 0.09629807692307693
5 0.7939903846153846 0.12326923076923077 0.10723557692307696 0.09509615384615386
6 0.904375 0.10543269230769231 0.09963942307692318 0.13153846153846155
7 0.057187499999999995 0.3523798076923077 0.09274038461538461 0.12617788461538465
8 0.15245192307692307 0.38194711538461534 0.08653846153846154 0.12689903846153852
23 0.2602403846153846 0.37956730769230773 0.12144230769230771 0.1245192307692308
26 0.36961538461538457 0.3817548076923077 0.08540865384615379 0.1288942307692308
27 0.46305288461538463 0.37879807692307693 0.08831730769230771 0.12057692307692314
10 0.5844951923076923 0.3499278846153846 0.15939903846153847 0.1299038461538462
9 0.7167788461538461 0.35209134615384613 0.0922115384615385 0.12245192307692307
0 0.8117067307692308 0.3794471153846154 0.08257211538461544 0.1218990384615384
25 0.9244471153846153 0.35305288461538464 0.13254807692307688 0.12355769230769226
12 0.07096153846153846 0.6251682692307692 0.12271634615384615 0.12194711538461543
11 0.19540865384615386 0.6130288461538462 0.11435096153846153 0.09468749999999997
13 0.3038461538461539 0.5965865384615385 0.0884615384615385 0.1234615384615385
1 0.41750000000000004 0.6251442307692308 0.1210336538461539 0.1228846153846154
21 0.5671394230769231 0.6138942307692308 0.1679086538461539 0.09555288461538461
22 0.739735576923077 0.611875 0.1645673076923078 0.0939663461538461
24 0.8959134615384615 0.5967067307692308 0.13317307692307687 0.12370192307692303
14 0.05788461538461538 0.8556971153846155 0.09653846153846153 0.09360576923076937
15 0.1525 0.8388461538461538 0.08144230769230767 0.13204326923076912
16 0.24596153846153845 0.8689663461538462 0.0952884615384615 0.1193028846153846
17 0.34298076923076926 0.841298076923077 0.08257211538461544 0.1248798076923078
18 0.44271634615384614 0.8561298076923076 0.10418269230769225 0.0958653846153846
19 0.5553125 0.8565865384615384 0.10824519230769224 0.09257211538461536
20 0.6608894230769231 0.8690625 0.09100961538461541 0.12271634615384605