27 0.1161298076923077 0.15209134615384617 0.0880528846153846 0.11987980769230767
28 0.20180288461538462 0.1226201923076923 0.08310096153846153 0.1250480769230769
29 0.2937980769230769 0.12302884615384616 0.0854567307692308 0.12052884615384615
30 0.39995192307692307 0.13752403846153846 0.11348557692307687 0.09343749999999998
31 0.5062740384615385 0.12295673076923078 0.08574519230769234 0.1230528846153846
5 0.6084855769230769 0.13872596153846156 0.10586538461538453 0.09314903846153846
6 0.7128605769230769 0.12009615384615385 0.0929086538461538 0.12802884615384616
7 0.8115625000000001 0.12353365384615385 0.09266826923076912 0.12153846153846154
0 0.9024759615384615 0.15139423076923078 0.0768509615384616 0.1211778846153846
2 0.11177884615384616 0.3652403846153846 0.08197115384615383 0.12418269230769223
3 0.215625 0.3820913461538461 0.11338942307692304 0.0964423076923077
4 0.32459134615384616 0.38074519230769227 0.08829326923076927 0.09377403846153844
1 0.4362980769230769 0.3926442307692308 0.11937499999999993 0.12024038461538457
12 0.5615625000000001 0.3937980769230769 0.11887019230769241 0.12254807692307697
23 0.6860336538461538 0.3936298076923077 0.11939903846153836 0.12221153846153854
13 0.793125 0.36507211538461537 0.08519230769230755 0.1211538461538461
14 0.8886778846153847 0.38064903846153847 0.09735576923076923 0.0935336538461539
15 0.10923076923076923 0.6053125 0.07956730769230767 0.12887019230769234
18 0.20283653846153846 0.6214903846153846 0.10120192307692306 0.09182692307692318
19 0.31254807692307696 0.6226442307692307 0.10427884615384614 0.09408653846153843
20 0.41615384615384615 0.6351682692307693 0.09091346153846153 0.11913461538461526
21 0.5450961538461538 0.6217307692307692 0.15536057692307692 0.09495192307692307
22 0.7064182692307692 0.6224999999999999 0.15480769230769226 0.09649038461538459
24 0.8526682692307692 0.6084855769230769 0.1268028846153846 0.1272355769230768
16 0.11526442307692308 0.8775961538461539 0.08896634615384613 0.120576923076923
26 0.20692307692307693 0.8799038461538462 0.08264423076923076 0.12521634615384622
8 0.29668269230769234 0.880360576923077 0.0805528846153846 0.1287740384615386
9 0.3833173076923077 0.8497836538461538 0.09012019230769233 0.12639423076923087
10 0.505048076923077 0.8485336538461539 0.14737980769230768 0.12920673076923078
11 0.6376923076923077 0.8645673076923077 0.10817307692307693 0.09451923076923088
17 0.7384615384615384 0.849326923076923 0.08271634615384607 0.12545673076923064
25 0.8486298076923077 0.8498317307692307 0.12406250000000003 0.12379807692307693