2 0.13175480769230768 0.06295673076923076 0.03915865384615383 0.06182692307692307
3 0.20173076923076924 0.07108173076923077 0.060625 0.048028846153846165
4 0.27555288461538463 0.07004807692307692 0.04829326923076924 0.0499278846153846
5 0.34588942307692305 0.07067307692307692 0.054759615384615316 0.049206730769230766
6 0.4177163461538462 0.06091346153846154 0.04817307692307697 0.06574519230769231
7 0.48649038461538463 0.062427884615384614 0.04749999999999998 0.0627403846153846
8 0.5517067307692307 0.07850961538461537 0.04170673076923082 0.06485576923076924
9 0.6139903846153846 0.06338942307692307 0.046081730769230805 0.06471153846153846
0 0.6762259615384616 0.07665865384615385 0.040336538461538396 0.06317307692307693
1 0.7487259615384616 0.07615384615384616 0.06115384615384629 0.0621394230769231
12 0.8306730769230769 0.07675480769230769 0.0637740384615384 0.06336538461538462
23 0.14026442307692305 0.19687500000000002 0.062187500000000014 0.06137019230769231
26 0.2123798076923077 0.19867788461538463 0.04216346153846152 0.06483173076923077
27 0.27665865384615385 0.19834134615384616 0.0445192307692308 0.0621634615384615
28 0.33778846153846154 0.18377403846153847 0.046562500000000014 0.06124999999999998
29 0.40401442307692303 0.18375 0.04495192307692305 0.06300480769230771
30 0.4762259615384616 0.1913942307692308 0.0590144230769231 0.048245192307692294
31 0.548125 0.1835576923076923 0.046562500000000014 0.06264423076923077
17 0.6122596153846154 0.18334134615384615 0.044639423076923194 0.06221153846153845
18 0.6789903846153845 0.1907451923076923 0.05189903846153854 0.04692307692307695
19 0.7531730769230769 0.19204326923076923 0.05401442307692314 0.047524038461538486
24 0.833485576923077 0.1837980769230769 0.06439903846153837 0.06312499999999997
25 0.14153846153846156 0.30374999999999996 0.06471153846153846 0.06264423076923077
20 0.21737980769230772 0.31824519230769227 0.046129807692307685 0.06158653846153847
21 0.3013221153846154 0.3122596153846154 0.07824519230769234 0.047572115384615435
22 0.399375 0.31146634615384616 0.07961538461538463 0.048004807692307756
10 0.49740384615384614 0.30403846153846154 0.0753365384615384 0.06721153846153848
11 0.5829807692307692 0.31221153846153843 0.05617788461538463 0.04749999999999998
13 0.6539423076923078 0.30338942307692307 0.04384615384615387 0.0619230769230769
14 0.7198798076923077 0.3117788461538461 0.047524038461538416 0.04865384615384617
15 0.7853846153846155 0.3026201923076923 0.040336538461538396 0.06637019230769227
16 0.8471634615384616 0.3170192307692308 0.045697115384615364 0.061129807692307706
0 0.1377403846153846 0.4607451923076923 0.05112980769230772 0.08213942307692311
18 0.22745192307692308 0.4523317307692307 0.06627403846153844 0.0633413461538462
19 0.3244471153846154 0.4534375 0.06995192307692313 0.061514423076923015
20 0.4204326923076923 0.46125 0.06163461538461535 0.0811298076923077
21 0.5304567307692307 0.45365384615384613 0.10471153846153847 0.06396634615384619
22 0.6628365384615384 0.4529326923076923 0.1057211538461539 0.0645192307692307
29 0.7730769230769231 0.44379807692307693 0.05975961538461542 0.08432692307692304
30 0.8694951923076922 0.4541826923076923 0.07795673076923065 0.06302884615384621
31 0.14016826923076925 0.6051923076923077 0.05798076923076924 0.08257211538461544
2 0.2263942307692308 0.6058173076923077 0.05415865384615385 0.08182692307692313
3 0.3193990384615385 0.6153846153846154 0.07788461538461533 0.0628846153846153
4 0.4184615384615385 0.6153125 0.062187500000000014 0.06076923076923084
5 0.5119951923076923 0.6154086538461538 0.07247596153846149 0.0629567307692309
6 0.6079326923076923 0.6035336538461539 0.062043269230769235 0.08526442307692314
7 0.7000961538461539 0.6058173076923077 0.062043269230769096 0.08182692307692313
8 0.7857932692307692 0.6250721153846153 0.056490384615384616 0.08629807692307687
9 0.8698317307692308 0.6045913461538461 0.05896634615384609 0.0833653846153845
10 0.16127403846153848 0.7644951923076923 0.09817307692307693 0.08665865384615373
11 0.27382211538461537 0.7748798076923078 0.0735817307692308 0.06341346153846153
13 0.3679086538461539 0.7650480769230769 0.05875 0.08180288461538456
14 0.4564182692307692 0.7751442307692307 0.0634615384615384 0.061899038461538464
15 0.5424278846153846 0.7639903846153846 0.05117788461538467 0.08745192307692307
16 0.6261538461538462 0.7837980769230769 0.06043269230769228 0.08122596153846146
25 0.7263221153846153 0.7651201923076923 0.08444711538461537 0.08391826923076916
1 0.8378125 0.784110576923077 0.07906249999999997 0.08387019230769227
12 0.1504326923076923 0.9458653846153846 0.08050480769230771 0.082860576923077
23 0.25841346153846156 0.9449038461538461 0.08012019230769227 0.08288461538461543
26 0.35531250000000003 0.9473317307692307 0.055576923076923086 0.08375000000000007
27 0.4413221153846154 0.9465384615384616 0.059326923076923097 0.08218750000000014
28 0.5241826923076923 0.9272596153846154 0.05877403846153843 0.08341346153846164
17 0.6092307692307692 0.9267548076923077 0.05459134615384624 0.08264423076923076
24 0.7074038461538461 0.9269951923076923 0.08468750000000004 0.08233173076923077