30 0.06444711538461538 0.14122596153846154 0.05197115384615384 0.044495192307692284
31 0.12557692307692309 0.1351923076923077 0.03961538461538462 0.054062499999999986
2 0.17927884615384615 0.1356971153846154 0.03641826923076925 0.055048076923076936
3 0.2398798076923077 0.1416105769230769 0.05187500000000003 0.04040865384615385
4 0.3010817307692308 0.14122596153846154 0.042067307692307696 0.042067307692307696
5 0.36014423076923074 0.14225961538461537 0.047187499999999986 0.0417548076923077
6 0.42139423076923077 0.13358173076923077 0.03992788461538465 0.05802884615384615
7 0.47848557692307697 0.13509615384615387 0.04326923076923077 0.056250000000000015
8 0.5332932692307693 0.14853365384615386 0.037019230769230714 0.05427884615384615
26 0.5863221153846154 0.1479326923076923 0.0380048076923077 0.05786057692307694
27 0.6386298076923077 0.14747596153846154 0.039278846153846234 0.053581730769230784
28 0.6920673076923076 0.1355769230769231 0.037980769230769124 0.054999999999999986
29 0.7469711538461539 0.13600961538461537 0.039615384615384656 0.05564903846153847
11 0.8066586538461539 0.14086538461538461 0.04985576923076925 0.041370192307692295
13 0.8667067307692308 0.13451923076923078 0.03814903846153847 0.0526923076923077
14 0.05944711538461538 0.24384615384615385 0.044375000000000005 0.04298076923076922
15 0.11353365384615384 0.2364423076923077 0.03475961538461537 0.05944711538461536
16 0.1663701923076923 0.24935096153846154 0.03944711538461538 0.05293269230769233
17 0.22290865384615385 0.23769230769230767 0.0371875 0.054711538461538436
18 0.278125 0.24408653846153847 0.044254807692307684 0.04105769230769234
19 0.34021634615384616 0.24459134615384615 0.045841346153846135 0.042067307692307696
20 0.39875 0.2502644230769231 0.04269230769230767 0.05343749999999998
21 0.4715865384615385 0.24389423076923075 0.0681971153846154 0.04307692307692305
22 0.5557932692307692 0.24367788461538462 0.06588942307692314 0.04266826923076923
24 0.6329807692307692 0.23786057692307694 0.05829326923076923 0.055048076923076936
9 0.6970913461538462 0.236875 0.04084134615384617 0.05310096153846155
10 0.7665624999999999 0.2371875 0.06439903846153837 0.055144230769230765
0 0.831875 0.24879807692307693 0.03632211538461542 0.0552644230769231
1 0.8929567307692309 0.2488701923076923 0.052740384615384744 0.052596153846153834
12 0.06526442307692307 0.35451923076923075 0.05360576923076922 0.05521634615384608
23 0.13384615384615384 0.35533653846153845 0.05377403846153847 0.054423076923076893
25 0.20403846153846153 0.3446634615384615 0.054711538461538436 0.05473557692307688
0 0.26740384615384616 0.3550721153846154 0.0371875 0.0563221153846154
31 0.32507211538461533 0.3423798076923077 0.04194711538461536 0.05975961538461542
2 0.38471153846153844 0.3430288461538461 0.04108173076923071 0.0586538461538461
3 0.44908653846153845 0.3482692307692308 0.0568028846153846 0.045072115384615384
10 0.5292788461538461 0.3415625 0.07060096153846154 0.06052884615384617
1 0.6093990384615384 0.35423076923076924 0.05776442307692301 0.05939903846153841
12 0.6849999999999999 0.354375 0.05747596153846146 0.059735576923076975
23 0.7592548076923078 0.35420673076923076 0.056971153846153956 0.05939903846153841
26 0.8251201923076923 0.3556730769230769 0.039663461538461536 0.05990384615384619
27 0.8839903846153846 0.3549519230769231 0.04199519230769237 0.05848557692307688
28 0.059615384615384626 0.4523317307692307 0.04233173076923077 0.06091346153846148
29 0.11848557692307692 0.4538701923076923 0.044663461538461534 0.05918269230769232
30 0.18507211538461538 0.46040865384615387 0.057644230769230746 0.0458173076923077
11 0.2567548076923077 0.4595673076923077 0.054375000000000014 0.04653846153846157
13 0.3216826923076923 0.45266826923076925 0.04240384615384612 0.05920673076923076
14 0.38293269230769234 0.4595432692307692 0.047139423076923107 0.046466346153846115
15 0.4410096153846154 0.45194711538461535 0.040673076923076965 0.06048076923076929
16 0.4994230769230769 0.46658653846153847 0.04211538461538457 0.05819711538461533
17 0.5599759615384615 0.45324519230769234 0.0406009615384615 0.060360576923076954
18 0.6206009615384616 0.4598076923076923 0.05127403846153856 0.046995192307692335
19 0.6862259615384616 0.46 0.05276442307692319 0.047379807692307645
20 0.7527884615384616 0.46600961538461544 0.04403846153846166 0.05942307692307699
21 0.8293028846153846 0.45995192307692306 0.07444711538461544 0.04490384615384617
22 0.9201442307692307 0.4603846153846154 0.07586538461538449 0.045745192307692376
4 0.0613221153846154 0.5770913461538462 0.04574519230769231 0.046033653846153794
5 0.12576923076923077 0.5763461538461538 0.05201923076923077 0.04692307692307688
6 0.19132211538461538 0.5680528846153846 0.043701923076923097 0.061610576923076914
7 0.2541105769230769 0.5689182692307692 0.046706730769230785 0.05848557692307688
8 0.3132932692307693 0.5826442307692308 0.04002403846153841 0.061899038461538464
9 0.3711057692307692 0.5692548076923077 0.04269230769230767 0.06158653846153847
24 0.43973557692307697 0.5689903846153845 0.05975961538461542 0.05867788461538467
25 0.5170913461538462 0.5686298076923078 0.06062500000000007 0.06033653846153852
2 0.5853365384615384 0.5678846153846154 0.04329326923076921 0.0636538461538462
3 0.6548317307692308 0.574735576923077 0.059639423076922944 0.0485096153846154
4 0.7264903846153847 0.5749759615384615 0.04673076923076936 0.0489903846153846
5 0.7957692307692308 0.5761057692307692 0.055480769230769326 0.04882211538461539
6 0.8662500000000001 0.5674038461538461 0.04740384615384622 0.0650961538461538
7 0.9333173076923077 0.5680288461538462 0.049350961538461476 0.061562500000000034
8 0.060216346153846155 0.7025 0.04348557692307691 0.0636538461538462
9 0.12028846153846154 0.6873557692307692 0.04584134615384617 0.0646153846153846
22 0.20240384615384616 0.6955528846153847 0.08026442307692311 0.04879807692307681
24 0.2940865384615385 0.6880048076923077 0.06653846153846156 0.06350961538461529
25 0.3772596153846154 0.6881971153846155 0.0646153846153846 0.061610576923076914
0 0.45040865384615386 0.700889423076923 0.0402163461538462 0.05805288461538456
10 0.5280048076923077 0.688125 0.07524038461538464 0.0637740384615384
11 0.6126201923076923 0.6951201923076924 0.05699519230769226 0.04649038461538469
13 0.6809855769230769 0.6886778846153846 0.04466346153846164 0.06485576923076927
14 0.747139423076923 0.6946153846153845 0.049591346153846146 0.047908653846153726
15 0.8117307692307693 0.6871875000000001 0.0417548076923077 0.06456730769230773
16 0.8740384615384615 0.7021153846153846 0.046177884615384704 0.060504807692307594
17 0.9380769230769231 0.6878124999999999 0.042019230769230816 0.06310096153846154
18 0.06514423076923077 0.8128846153846154 0.05283653846153847 0.04644230769230781
19 0.13653846153846153 0.8138701923076923 0.0543509615384615 0.0484134615384615
20 0.2060096153846154 0.8204326923076923 0.044206730769230804 0.05915865384615388
21 0.2883173076923077 0.8130288461538462 0.0790144230769231 0.049110576923076806
1 0.37853365384615384 0.8192067307692308 0.05997596153846151 0.061514423076923154
12 0.4576442307692308 0.8197115384615384 0.06341346153846153 0.062475961538461564
23 0.5399519230769231 0.8199519230769231 0.06211538461538456 0.06300480769230778
26 0.6103846153846153 0.8216346153846155 0.04286057692307688 0.06394230769230774
27 0.6720192307692308 0.8203605769230768 0.04355769230769232 0.061370192307692244
28 0.7347355769230769 0.8057932692307692 0.043966346153846064 0.061129807692307574
29 0.7990384615384615 0.8055048076923076 0.045168269230769144 0.06290865384615375
30 0.8695432692307693 0.8144230769230769 0.05879807692307701 0.04711538461538467
31 0.941875 0.8060096153846155 0.04480769230769228 0.061562500000000034