0 0.1230528846153846 0.04629807692307693 0.01882211538461538 0.03141826923076923
1 0.1531730769230769 0.047692307692307694 0.026610576923076907 0.02762019230769231
12 0.18759615384615386 0.04728365384615385 0.027716346153846157 0.02899038461538462
23 0.22165865384615382 0.04641826923076923 0.02593749999999998 0.027259615384615375
18 0.25536057692307695 0.04588942307692308 0.023365384615384614 0.02185096153846153
19 0.28526442307692307 0.044423076923076926 0.024182692307692315 0.023293269230769225
20 0.31473557692307697 0.04805288461538461 0.022283653846153804 0.02846153846153845
21 0.3506730769230769 0.044903846153846155 0.03538461538461545 0.022115384615384624
22 0.39165865384615384 0.044278846153846155 0.033677884615384596 0.022644230769230774
24 0.4323798076923077 0.04213942307692308 0.029759615384615374 0.027307692307692307
25 0.4676201923076923 0.04129807692307692 0.03069711538461534 0.028028846153846147
26 0.4982451923076923 0.04716346153846154 0.020721153846153858 0.02846153846153845
27 0.5261298076923077 0.04764423076923077 0.021274038461538518 0.027644230769230768
28 0.5523798076923077 0.04146634615384615 0.020360576923076988 0.0294951923076923
29 0.580264423076923 0.04141826923076923 0.02093749999999995 0.027668269230769225
30 0.6099759615384616 0.04524038461538461 0.026923076923077032 0.02278846153846155
31 0.6412019230769231 0.041081730769230766 0.019951923076922968 0.028725961538461527
2 0.6671875 0.04194711538461538 0.022043269230769134 0.028701923076923073
3 0.6977163461538461 0.04521634615384615 0.02685096153846144 0.022740384615384617
4 0.7279567307692307 0.044375000000000005 0.022500000000000034 0.022860576923076917
5 0.7585576923076923 0.04545673076923077 0.024951923076923066 0.023461538461538457
6 0.7881009615384615 0.0410576923076923 0.021706730769230704 0.03048076923076923
7 0.8175 0.04112980769230769 0.02353365384615376 0.028846153846153848
8 0.8448317307692308 0.048125 0.019447115384615462 0.030384615384615385
9 0.12334134615384616 0.10490384615384615 0.02233173076923075 0.029975961538461535
10 0.15774038461538462 0.10502403846153846 0.034158653846153866 0.028437499999999998
11 0.1940625 0.10762019230769232 0.02487980769230768 0.02290865384615385
13 0.22302884615384616 0.1048798076923077 0.02228365384615387 0.028149038461538448
14 0.2508173076923077 0.10829326923076922 0.02264423076923074 0.0225
15 0.27862980769230766 0.10439903846153846 0.019495192307692342 0.03072115384615385
16 0.3054326923076923 0.11088942307692308 0.021634615384615384 0.027692307692307683
17 0.333125 0.10514423076923077 0.019855769230769208 0.026899038461538457
12 0.36625 0.10860576923076923 0.03269230769230775 0.031995192307692315
23 0.40596153846153843 0.10920673076923076 0.03201923076923075 0.031466346153846164
26 0.44074519230769227 0.11060096153846154 0.023221153846153905 0.03423076923076922
27 0.47343749999999996 0.10930288461538461 0.0244951923076923 0.03341346153846155
28 0.5045673076923077 0.10247596153846154 0.02266826923076925 0.032235576923076915
29 0.535264423076923 0.10257211538461539 0.025288461538461496 0.03245192307692308
30 0.5710576923076923 0.10627403846153846 0.0327884615384615 0.02560096153846155
31 0.6077403846153846 0.10298076923076924 0.02423076923076933 0.0332451923076923
2 0.6385336538461538 0.10228365384615384 0.021706730769230704 0.03365384615384615
3 0.6730048076923077 0.10685096153846155 0.03177884615384622 0.026730769230769242
4 0.7098317307692308 0.10711538461538463 0.025456730769230846 0.025480769230769217
0 0.7401442307692307 0.10968750000000001 0.020192307692307638 0.03399038461538462
1 0.7758173076923077 0.10983173076923076 0.032620192307692426 0.03271634615384615
5 0.815625 0.10711538461538463 0.03045673076923067 0.027259615384615393
6 0.8501442307692308 0.10221153846153846 0.026490384615384572 0.03526442307692308
7 0.12639423076923076 0.17776442307692308 0.026658653846153853 0.03322115384615383
8 0.1579326923076923 0.18526442307692306 0.023870192307692325 0.03399038461538458
9 0.18788461538461537 0.17783653846153846 0.026754807692307682 0.033389423076923115
10 0.2291826923076923 0.17682692307692308 0.03992788461538465 0.03490384615384618
11 0.26997596153846154 0.1806730769230769 0.03069711538461541 0.02480769230769229
13 0.3063461538461538 0.17689903846153848 0.023317307692307665 0.03329326923076922
14 0.33701923076923074 0.18125000000000002 0.027644230769230768 0.02593749999999998
15 0.3697596153846154 0.1765625 0.021923076923076934 0.034423076923076903
16 0.4009855769230769 0.18483173076923076 0.025600961538461482 0.0315865384615385
17 0.43266826923076923 0.17735576923076923 0.024903846153846186 0.03245192307692308
25 0.46870192307692304 0.1777403846153846 0.032860576923076965 0.03317307692307695
18 0.5089663461538462 0.1818028846153846 0.026105769230769262 0.025264423076923056
19 0.5453605769230769 0.18088942307692307 0.029447115384615384 0.025264423076923056
20 0.5789903846153847 0.18514423076923076 0.025480769230769286 0.03374999999999998
21 0.6190625 0.18127403846153844 0.04151442307692303 0.026009615384615367
22 0.6691826923076923 0.18115384615384617 0.042067307692307696 0.027572115384615382
24 0.7160817307692308 0.1779326923076923 0.036442307692307614 0.033581730769230766
6 0.7535817307692307 0.17485576923076923 0.029254807692307594 0.038076923076923085
7 0.791875 0.17617788461538464 0.029278846153846034 0.0371875
8 0.8286298076923077 0.18447115384615384 0.026225961538461462 0.03771634615384615
9 0.8629326923076923 0.17615384615384616 0.028918269230769164 0.03711538461538461
10 0.13567307692307692 0.2555048076923077 0.04521634615384616 0.03735576923076921
11 0.18295673076923077 0.25966346153846154 0.03471153846153845 0.027884615384615372
13 0.2228605769230769 0.25509615384615386 0.027283653846153832 0.03656250000000002
14 0.2614663461538461 0.25930288461538464 0.029951923076923095 0.028942307692307673
15 0.29713942307692304 0.25545673076923076 0.02447115384615386 0.0374278846153846
16 0.33218749999999997 0.2635576923076923 0.028701923076923073 0.03579326923076927
17 0.3686298076923077 0.2552403846153846 0.026778846153846122 0.03682692307692306
18 0.4070913461538461 0.2594951923076923 0.03069711538461534 0.027548076923076942
19 0.4494230769230769 0.2596394230769231 0.0334615384615385 0.02959134615384616
20 0.486875 0.2633653846153846 0.028245192307692308 0.03526442307692305
0 0.5241586538461539 0.2627644230769231 0.024423076923076985 0.03584134615384615
1 0.5643509615384615 0.26298076923076924 0.03538461538461545 0.034495192307692296
12 0.6097596153846153 0.2639182692307692 0.03718750000000007 0.03814903846153847
23 0.6559375000000001 0.26348557692307695 0.036923076923076954 0.035528846153846154
26 0.6965144230769231 0.2637980769230769 0.025480769230769286 0.038028846153846135
21 0.7419711538461539 0.2595192307692308 0.04697115384615376 0.029375
22 0.7985336538461538 0.25992788461538463 0.04793269230769244 0.028389423076923083
24 0.8509375 0.25548076923076923 0.040528846153846186 0.03728365384615383
27 0.12721153846153846 0.34567307692307697 0.028293269230769223 0.03432692307692301
28 0.16146634615384617 0.33711538461538465 0.027355769230769218 0.03677884615384618
29 0.1983653846153846 0.3371394230769231 0.028149038461538482 0.03680288461538462
25 0.24002403846153844 0.33745192307692307 0.038461538461538464 0.037451923076923035
30 0.2862259615384615 0.34125 0.03651442307692307 0.027235576923076883
31 0.32747596153846154 0.33721153846153845 0.026394230769230812 0.036971153846153834
2 0.36394230769230773 0.3376923076923077 0.026298076923076917 0.037932692307692244
3 0.4029086538461539 0.3422115384615385 0.03661057692307697 0.029158653846153834
4 0.4445673076923077 0.34197115384615384 0.02906249999999994 0.028701923076923073
5 0.48454326923076924 0.3417067307692308 0.034254807692307696 0.02995192307692303
6 0.5241586538461539 0.335 0.03158653846153843 0.04322115384615389
7 0.5671394230769231 0.3350480769230769 0.03355769230769226 0.041538461538461476
8 0.6089423076923077 0.3445913461538461 0.028413461538461658 0.04283653846153845
9 0.6482211538461539 0.33451923076923074 0.03221153846153841 0.042235576923076903
10 0.6995192307692307 0.3341826923076923 0.049302884615384596 0.04336538461538467
11 0.7546875 0.33908653846153847 0.03858173076923066 0.033581730769230836
13 0.7980528846153846 0.3351201923076923 0.03091346153846157 0.04165865384615381
14 0.8404086538461539 0.3398317307692308 0.033725961538461476 0.03326923076923071
15 0.8821634615384616 0.3341826923076923 0.028197115384615428 0.04336538461538467
16 0.12956730769230768 0.42983173076923076 0.031225961538461525 0.040576923076923066
22 0.18192307692307694 0.4254567307692308 0.0522355769230769 0.031850961538461536
24 0.2400721153846154 0.4213221153846154 0.04389423076923075 0.04134615384615382
25 0.2937019230769231 0.4220673076923077 0.04430288461538463 0.04105769230769227
17 0.3409615384615385 0.42060096153846155 0.028437499999999963 0.04170673076923082
18 0.3830048076923077 0.4260336538461538 0.03596153846153841 0.03117788461538468
19 0.430625 0.42656249999999996 0.0368509615384615 0.032283653846153865
20 0.4742067307692308 0.4303125 0.031370192307692335 0.041538461538461476
21 0.5278125 0.4251682692307692 0.0531490384615385 0.033052884615384616
0 0.5784134615384615 0.4296875 0.027908653846153878 0.04031249999999996
1 0.6241826923076924 0.4296153846153846 0.04235576923076924 0.04016826923076918
2 0.6707211538461538 0.42151442307692305 0.03088942307692313 0.04350961538461544
3 0.7152403846153846 0.42596153846153845 0.03983173076923089 0.036394230769230734
4 0.7616346153846153 0.4266105769230769 0.0311298076923078 0.03235576923076918
12 0.8076923076923077 0.43004807692307695 0.03954326923076934 0.04076923076923072
23 0.8604567307692308 0.43036057692307694 0.039999999999999966 0.04161057692307693
26 0.12747596153846155 0.5265625 0.03060096153846155 0.041730769230769266
27 0.16675480769230772 0.5266826923076923 0.030793269230769235 0.04194711538461536
28 0.2076923076923077 0.5168509615384616 0.030793269230769235 0.0412740384615385
29 0.24944711538461536 0.5163701923076923 0.030576923076923074 0.04093749999999993
30 0.2951682692307693 0.5218509615384616 0.0401201923076923 0.0323076923076923
31 0.34103365384615386 0.5163942307692307 0.03216346153846153 0.04098557692307695
5 0.3847836538461538 0.5217307692307692 0.037740384615384585 0.03206730769230763
0 0.42891826923076926 0.5249759615384615 0.02985576923076927 0.043918269230769184
10 0.48375 0.5145913461538462 0.05401442307692314 0.0467788461538461
11 0.5442548076923077 0.5196634615384615 0.04151442307692303 0.033293269230769286
13 0.5941826923076923 0.5142788461538461 0.0345192307692308 0.04562500000000004
14 0.641875 0.5205528846153846 0.03552884615384609 0.03504807692307688
18 0.6908653846153846 0.5199519230769231 0.039134615384615316 0.03562499999999998
19 0.7424999999999999 0.5203846153846153 0.03915865384615376 0.03471153846153845
20 0.7923317307692308 0.5251442307692308 0.033725961538461476 0.04423076923076918
21 0.8517067307692308 0.5201442307692308 0.05632211538461526 0.03603365384615387
22 0.14225961538461537 0.6186538461538462 0.05836538461538462 0.03540865384615389
1 0.20641826923076925 0.6220913461538462 0.04423076923076925 0.04581730769230756
12 0.2629326923076923 0.6226442307692307 0.045072115384615384 0.045168269230769144
23 0.3213701923076923 0.6222836538461538 0.044447115384615404 0.04442307692307697
15 0.37043269230769227 0.6117067307692308 0.03038461538461535 0.04822115384615385
16 0.415 0.6223076923076923 0.03406250000000004 0.04447115384615385
17 0.4614423076923077 0.6125721153846154 0.030817307692307675 0.046370192307692355
26 0.5034615384615384 0.6226201923076923 0.031153846153846105 0.046899038461538436
27 0.5495192307692307 0.6224759615384615 0.032475961538461516 0.04480769230769228
28 0.5942067307692308 0.6125 0.0327884615384615 0.044447115384615404
29 0.6391346153846154 0.6122115384615385 0.033629807692307716 0.04562500000000004
30 0.689326923076923 0.6182211538461538 0.044543269230769164 0.036298076923076975
31 0.7418990384615385 0.6126923076923076 0.03259615384615371 0.04456730769230761
2 0.7853605769230769 0.6121153846153846 0.03413461538461549 0.04543269230769225
3 0.8356490384615385 0.6181971153846154 0.04379807692307699 0.0362500000000001
4 0.8876923076923077 0.6174759615384615 0.03572115384615388 0.03483173076923079
5 0.13223557692307691 0.7201201923076923 0.04009615384615383 0.03531250000000013
6 0.1835817307692308 0.7142067307692308 0.034206730769230746 0.046658653846153766
7 0.23091346153846154 0.7144711538461539 0.03625000000000003 0.045408653846153814
8 0.27740384615384617 0.7254326923076923 0.03129807692307695 0.045937500000000034
9 0.3215384615384615 0.7148076923076924 0.03408653846153848 0.046081730769230674
24 0.37396634615384616 0.7159375 0.04812499999999996 0.044783653846153834
25 0.4329567307692308 0.7149278846153847 0.04682692307692312 0.044206730769230734
4 0.4838221153846154 0.7180528846153845 0.03814903846153847 0.04012019230769244
5 0.5384134615384615 0.7183653846153846 0.045841346153846135 0.03891826923076936
6 0.595 0.7113942307692308 0.03612980769230763 0.05132211538461544
7 0.6477644230769232 0.7122836538461539 0.03838942307692314 0.04992788461538457
8 0.6978605769230769 0.7241346153846154 0.03355769230769239 0.052259615384615404
9 0.7461298076923076 0.7123798076923078 0.03569711538461544 0.05009615384615392
10 0.8098798076923077 0.7116826923076923 0.05990384615384606 0.052307692307692284
11 0.8747355769230769 0.7177403846153846 0.045408653846153814 0.03949519230769219
13 0.13197115384615385 0.8210817307692307 0.0360096153846154 0.05028846153846144
14 0.18295673076923077 0.8266105769230769 0.040048076923076915 0.03819711538461535
15 0.23177884615384617 0.8205048076923076 0.034423076923076903 0.05266826923076916
0 0.27913461538461537 0.8316826923076923 0.03300480769230767 0.05009615384615392
1 0.33564903846153843 0.8317067307692307 0.04985576923076925 0.048389423076923066
19 0.3955528846153846 0.8276682692307692 0.04504807692307695 0.040624999999999946
20 0.44937499999999997 0.8327163461538463 0.03867788461538456 0.048629807692307736
21 0.5149519230769231 0.8271875000000001 0.06305288461538466 0.03935096153846155
22 0.591514423076923 0.8278365384615385 0.06300480769230778 0.03887019230769221
24 0.6637500000000001 0.8218749999999999 0.052596153846153834 0.051730769230769184
25 0.7287740384615385 0.8223076923076923 0.05086538461538454 0.04980769230769237
12 0.7942307692307692 0.8318509615384616 0.04822115384615371 0.04865384615384617
23 0.858389423076923 0.8320432692307692 0.050120192307692366 0.04990384615384613
26 0.912235576923077 0.8331490384615384 0.036730769230769164 0.04947115384615394
27 0.13161057692307693 0.9392067307692307 0.0370673076923077 0.04971153846153834
28 0.1805528846153846 0.9272836538461539 0.035240384615384604 0.04870192307692305
29 0.23033653846153845 0.9277884615384615 0.036875000000000005 0.049639423076923025
30 0.2871634615384615 0.9344711538461539 0.04841346153846157 0.038461538461538464
31 0.34225961538461536 0.9282932692307693 0.038125000000000034 0.04923076923076927
2 0.39110576923076923 0.9282932692307693 0.03435096153846159 0.04923076923076927
3 0.44634615384615384 0.9342067307692308 0.04870192307692305 0.039711538461538416
16 0.5036057692307693 0.9390624999999999 0.0375240384615385 0.04942307692307679
17 0.552548076923077 0.9281250000000001 0.03495192307692312 0.04894230769230772
18 0.6047596153846153 0.934735576923077 0.04322115384615389 0.038750000000000014