28 0.07947115384615386 0.12673076923076923 0.08843749999999997 0.12204326923076926
29 0.17168269230769231 0.12560096153846154 0.08694711538461536 0.12298076923076923
1 0.2803605769230769 0.15391826923076923 0.11838942307692307 0.12192307692307693
0 0.3817548076923077 0.15329326923076925 0.07656250000000006 0.11745192307692308
27 0.4725721153846154 0.1533173076923077 0.0861538461538461 0.12074519230769229
12 0.5742548076923076 0.15298076923076923 0.11326923076923077 0.1185817307692308
23 0.6959375 0.15360576923076924 0.1194230769230768 0.12062499999999998
26 0.8026442307692307 0.15680288461538464 0.08283653846153854 0.12449519230769229
30 0.09283653846153846 0.3786057692307692 0.11516826923076923 0.09052884615384607
31 0.1992067307692308 0.36250000000000004 0.09072115384615387 0.11920673076923084
2 0.2898557692307692 0.36312500000000003 0.07971153846153846 0.12367788461538459
3 0.39132211538461537 0.3782932692307692 0.11276442307692314 0.09314903846153846
4 0.49865384615384617 0.3778605769230769 0.0902644230769231 0.09223557692307693
5 0.6017307692307692 0.3802644230769231 0.10728365384615383 0.09387019230769234
11 0.7156009615384615 0.37875000000000003 0.10747596153846163 0.09081730769230763
13 0.817235576923077 0.3630288461538462 0.08319711538461541 0.1198798076923077
14 0.08295673076923077 0.6172355769230768 0.09218750000000002 0.0934375
15 0.1739423076923077 0.6006009615384615 0.07548076923076924 0.1274759615384616
16 0.26004807692307697 0.6301682692307692 0.09060096153846153 0.11932692307692304
17 0.3522836538461539 0.6028125 0.08278846153846153 0.12228365384615386
18 0.4497596153846154 0.6172836538461539 0.10141826923076923 0.09353365384615377
19 0.5571875 0.6178125 0.10475961538461534 0.09456730769230777
20 0.6596394230769231 0.6294951923076924 0.0885096153846155 0.11798076923076933
21 0.7866346153846154 0.6174759615384615 0.15663461538461532 0.0939423076923078
6 0.0830048076923077 0.8385817307692308 0.09228365384615385 0.1255288461538462
7 0.18177884615384615 0.8395192307692307 0.09112980769230769 0.12021634615384613
8 0.27110576923076923 0.869423076923077 0.08067307692307693 0.1266826923076924
9 0.3597836538461538 0.8395913461538461 0.0881490384615385 0.12149038461538453
10 0.4820192307692308 0.8367788461538462 0.14673076923076928 0.12548076923076934
22 0.6368269230769231 0.8547596153846153 0.15187499999999987 0.0941346153846153
24 0.7831009615384615 0.8400480769230769 0.12709134615384615 0.1191826923076924
25 0.9134134615384616 0.8388221153846154 0.1248798076923078 0.11995192307692303