28 0.11485576923076923 0.05935096153846153 0.0425721153846154 0.0595673076923077
29 0.17713942307692307 0.059495192307692304 0.04180288461538458 0.060625
30 0.24617788461538462 0.06653846153846153 0.057932692307692296 0.04550480769230768
31 0.3168990384615385 0.059591346153846154 0.04141826923076927 0.06079326923076925
2 0.3791586538461538 0.05915865384615385 0.0406009615384615 0.05995192307692307
3 0.44802884615384614 0.06689903846153845 0.05812500000000002 0.0455769230769231
23 0.5254326923076923 0.07173076923076924 0.05637019230769228 0.0582451923076923
26 0.5940624999999999 0.07360576923076924 0.041153846153846166 0.06137019230769231
27 0.6562019230769232 0.07209134615384614 0.04350961538461544 0.05831730769230769
6 0.7178605769230769 0.05826923076923077 0.04495192307692319 0.06161057692307693
7 0.7839903846153846 0.059495192307692304 0.046706730769230646 0.060625
8 0.8473798076923077 0.0738701923076923 0.039999999999999966 0.06360576923076923
9 0.11521634615384616 0.1757692307692308 0.043293269230769246 0.06310096153846154
20 0.17778846153846153 0.18947115384615382 0.044783653846153834 0.059591346153846134
21 0.2585576923076923 0.18384615384615385 0.0775480769230769 0.046610576923076956
22 0.3539182692307692 0.18286057692307692 0.07766826923076924 0.04634615384615385
24 0.444375 0.1757692307692308 0.06288461538461544 0.06137019230769231
4 0.5174038461538462 0.183125 0.047524038461538416 0.04519230769230772
5 0.5866346153846154 0.18411057692307692 0.05204326923076918 0.0463942307692308
0 0.6519471153846154 0.18817307692307692 0.038461538461538464 0.058677884615384604
1 0.7211057692307693 0.18906250000000002 0.05826923076923079 0.06048076923076922
12 0.8010096153846155 0.18939903846153847 0.05834134615384611 0.06103365384615388
25 0.8807211538461538 0.17552884615384615 0.06033653846153852 0.0608653846153846
10 0.12949519230769233 0.31963942307692306 0.07182692307692307 0.0640384615384615
11 0.21134615384615385 0.32653846153846156 0.053509615384615364 0.0452403846153846
13 0.27887019230769233 0.32014423076923076 0.04264423076923079 0.05992788461538463
14 0.3443028846153846 0.32747596153846154 0.048149038461538535 0.04543269230769225
15 0.40572115384615387 0.31824519230769227 0.03877403846153845 0.06300480769230764
16 0.46651442307692303 0.33322115384615386 0.04358173076923076 0.06033653846153852
17 0.5293990384615385 0.31920673076923073 0.0406009615384615 0.059783653846153854
18 0.595 0.32735576923076926 0.049879807692307696 0.04516826923076928
19 0.6654567307692307 0.3272355769230769 0.05218750000000009 0.04663461538461533
29 0.7407451923076922 0.31040865384615385 0.058076923076923 0.07992788461538461
30 0.8333413461538461 0.3206490384615384 0.07497596153846167 0.0609615384615385
31 0.12242788461538462 0.46610576923076924 0.05771634615384617 0.0805528846153846
2 0.20500000000000002 0.46685096153846156 0.05286057692307695 0.08031250000000006
3 0.29478365384615385 0.47694711538461537 0.07620192307692306 0.06105769230769225
4 0.3900721153846154 0.4763221153846154 0.05899038461538467 0.05975961538461542
5 0.4812740384615385 0.47694711538461537 0.0679807692307693 0.061033653846153814
6 0.5746634615384616 0.4656490384615385 0.0590144230769231 0.08310096153846153
0 0.6572596153846154 0.48454326923076924 0.05079326923076922 0.07968749999999994
1 0.7493269230769232 0.4843509615384616 0.0769711538461538 0.0792788461538462
12 0.8560817307692308 0.4843990384615384 0.07925480769230776 0.07935096153846152
23 0.1322596153846154 0.639014423076923 0.07735576923076921 0.07956730769230774
11 0.23418269230769231 0.630985576923077 0.07002403846153846 0.05834134615384611
13 0.32514423076923077 0.6206971153846154 0.05449519230769235 0.07899038461538464
14 0.4104567307692308 0.6313701923076922 0.06024038461538462 0.06254807692307687
15 0.4937259615384615 0.6198798076923077 0.04992788461538457 0.08588942307692313
16 0.5732211538461539 0.6396634615384615 0.05956730769230777 0.07740384615384627
17 0.658125 0.6213942307692307 0.05252403846153852 0.08038461538461551
22 0.7621634615384616 0.6316105769230769 0.10093750000000003 0.06177884615384626
24 0.8808894230769231 0.6217788461538463 0.08495192307692315 0.07942307692307683
26 0.11959134615384616 0.7980288461538462 0.05545673076923075 0.08165865384615391
27 0.20391826923076922 0.7969471153846153 0.05757211538461536 0.07776442307692313
28 0.2834375 0.7774278846153847 0.05692307692307694 0.07995192307692306
18 0.3724278846153846 0.7880048076923077 0.0649278846153846 0.059879807692307614
19 0.46560096153846153 0.7877644230769231 0.06923076923076926 0.06110576923076913
20 0.558076923076923 0.7962259615384616 0.0601682692307693 0.0780048076923078
21 0.6655769230769231 0.7875000000000001 0.1017548076923078 0.06057692307692319
7 0.7740865384615384 0.7783653846153846 0.061225961538461604 0.08007211538461553
8 0.8578605769230769 0.7980528846153846 0.053653846153846274 0.08341346153846164
9 0.12230769230769231 0.9354807692307693 0.05915865384615385 0.0817788461538461
10 0.22319711538461537 0.9340144230769231 0.0961057692307692 0.08403846153846163
25 0.3404807692307692 0.9343269230769231 0.07999999999999993 0.07949519230769243