0 0.08019230769230769 0.11742788461538461 0.033341346153846166 0.05286057692307691
8 0.13079326923076923 0.11814903846153846 0.03665865384615385 0.05430288461538462
9 0.18451923076923077 0.1053846153846154 0.039374999999999986 0.054519230769230785
10 0.2522115384615385 0.10451923076923077 0.0648557692307692 0.0528125
11 0.3252884615384615 0.1123076923076923 0.049591346153846146 0.0391826923076923
13 0.38548076923076924 0.10584134615384616 0.037788461538461604 0.05201923076923077
14 0.44235576923076925 0.11235576923076923 0.04334134615384622 0.040985576923076916
15 0.49769230769230766 0.1051201923076923 0.03555288461538467 0.05572115384615383
16 0.5498076923076923 0.1178125 0.038461538461538464 0.05189903846153847
17 0.6058894230769231 0.10603365384615385 0.03560096153846141 0.05240384615384615
18 0.6629326923076923 0.11213942307692307 0.044975961538461624 0.038870192307692314
19 0.7239423076923077 0.11341346153846153 0.045072115384615384 0.039687500000000014
20 0.7842307692307693 0.11745192307692308 0.038605769230769096 0.051153846153846154
21 0.854014423076923 0.11307692307692307 0.06997596153846157 0.039014423076923085
1 0.08745192307692308 0.21778846153846151 0.053004807692307684 0.05266826923076922
5 0.15324519230769232 0.2121875 0.046706730769230785 0.041442307692307716
6 0.21411057692307692 0.20478365384615385 0.040144230769230745 0.055865384615384636
7 0.27197115384615383 0.2063701923076923 0.0425721153846154 0.0538701923076923
22 0.34418269230769233 0.2123798076923077 0.07026442307692313 0.04355769230769232
24 0.4213221153846154 0.20641826923076925 0.054519230769230785 0.055673076923076915
25 0.49360576923076926 0.2067548076923077 0.05656250000000007 0.05463942307692305
12 0.5660096153846154 0.2175 0.0519951923076923 0.053798076923076914
23 0.6333653846153846 0.21713942307692308 0.052788461538461624 0.05310096153846155
26 0.6945432692307693 0.21812499999999999 0.036057692307692304 0.05334134615384615
27 0.7486298076923077 0.21769230769230768 0.03776442307692317 0.0524759615384615
28 0.8020673076923077 0.20550480769230767 0.038221153846153794 0.0538701923076923
29 0.8569711538461539 0.20579326923076924 0.038125000000000034 0.05271634615384617
30 0.08793269230769231 0.32134615384615384 0.05223557692307693 0.04170673076923082
31 0.14802884615384615 0.31572115384615385 0.040240384615384636 0.05278846153846149
2 0.2021875 0.31492788461538457 0.0369471153846154 0.05290865384615383
3 0.26177884615384617 0.3215144230769231 0.05137019230769232 0.04036057692307697
4 0.3227644230769231 0.3210576923076923 0.041105769230769286 0.039423076923076866
2 0.3812740384615385 0.31213942307692305 0.03968749999999998 0.05766826923076925
3 0.44514423076923076 0.3198076923076923 0.05579326923076918 0.045504807692307706
4 0.5119711538461538 0.31923076923076926 0.04353365384615388 0.04605769230769237
5 0.5778605769230769 0.3195192307692307 0.04995192307692301 0.04324519230769233
6 0.6426923076923077 0.3108413461538462 0.04223557692307704 0.06021634615384618
7 0.7052884615384615 0.3116586538461539 0.04379807692307699 0.0584375
8 0.7646634615384615 0.3267307692307692 0.04281249999999987 0.05937499999999997
9 0.8216826923076923 0.3127403846153846 0.04247596153846144 0.06055288461538461
26 0.8803365384615385 0.32579326923076923 0.04194711538461549 0.0592307692307692
27 0.08252403846153845 0.4374038461538462 0.04141826923076924 0.05750000000000004
10 0.15391826923076923 0.42317307692307693 0.07262019230769233 0.061658653846153794
11 0.23290865384615383 0.4307451923076923 0.053701923076923085 0.044206730769230734
13 0.29781250000000004 0.4242548076923077 0.04103365384615383 0.0586538461538461
0 0.35480769230769227 0.43603365384615383 0.03824519230769237 0.05819711538461533
1 0.4205048076923077 0.4361778846153846 0.05918269230769232 0.05848557692307688
28 0.48814903846153845 0.42485576923076923 0.04394230769230763 0.05990384615384619
29 0.5486298076923076 0.4233173076923077 0.0412740384615385 0.056778846153846166
30 0.6144471153846154 0.43158653846153844 0.055624999999999966 0.04586538461538458
31 0.6812259615384615 0.42396634615384615 0.042067307692307696 0.058100961538461574
14 0.7429326923076923 0.43117788461538464 0.04701923076923064 0.04504807692307695
15 0.8028125 0.4225961538461539 0.037980769230769124 0.06052884615384617
16 0.8595913461538461 0.436875 0.04504807692307695 0.05697115384615382
17 0.08213942307692308 0.5396634615384616 0.04067307692307693 0.05942307692307699
18 0.14329326923076924 0.5471634615384615 0.04961538461538465 0.04519230769230772
19 0.2096875 0.5470192307692308 0.05192307692307691 0.04492788461538461
20 0.27439903846153846 0.5525 0.04399038461538464 0.0575961538461538
21 0.3510576923076923 0.5471634615384615 0.07540865384615386 0.04353365384615388
22 0.44235576923076925 0.5469951923076923 0.07598557692307696 0.04490384615384617
24 0.528485576923077 0.5397596153846154 0.06110576923076927 0.0595913461538462
25 0.6074038461538461 0.5401201923076923 0.0592307692307692 0.06033653846153852
12 0.6833413461538461 0.5520913461538461 0.05831730769230767 0.056778846153846166
23 0.7591346153846155 0.551875 0.05709134615384615 0.05634615384615384
0 0.8229086538461539 0.5520432692307693 0.038701923076923134 0.06182692307692301
2 0.8831730769230769 0.5382932692307693 0.04427884615384606 0.06353365384615386
3 0.09098557692307693 0.6644951923076923 0.05848557692307692 0.048100961538461516
4 0.1629326923076923 0.6628365384615384 0.04771634615384614 0.04822115384615371
5 0.2331971153846154 0.6638701923076924 0.05430288461538462 0.04682692307692312
6 0.3029807692307692 0.6547596153846154 0.047908653846153865 0.06463942307692304
7 0.37187499999999996 0.6558173076923077 0.048341346153846186 0.061610576923076914
8 0.4348076923076923 0.6709375000000001 0.042475961538461574 0.06439903846153837
9 0.4968990384615385 0.6560336538461539 0.04600961538461535 0.06379807692307683
10 0.5773798076923077 0.6558894230769231 0.07646634615384602 0.06408653846153839
11 0.6615624999999999 0.6633653846153845 0.055961538461538396 0.04754807692307686
1 0.7398798076923078 0.670264423076923 0.06372596153846152 0.05961538461538451
15 0.8101682692307691 0.6555048076923077 0.04240384615384612 0.06612980769230767
16 0.8720913461538462 0.6698076923076923 0.046033653846153794 0.06043269230769228
17 0.9369471153846154 0.6557211538461538 0.041826923076923025 0.061466346153846274
18 0.10641826923076923 0.7841586538461538 0.05144230769230767 0.046995192307692196
19 0.17764423076923078 0.7850480769230769 0.05459134615384617 0.04706730769230779
20 0.24826923076923077 0.7905528846153846 0.04668269230769235 0.059831730769230734
21 0.3290144230769231 0.7840625 0.0811298076923077 0.046802884615384684
22 0.42932692307692305 0.7839663461538462 0.0808173076923077 0.050072115384615486
24 0.5218028846153846 0.7766346153846153 0.0649278846153846 0.0628846153846153
12 0.6048557692307692 0.7896875 0.06271634615384623 0.06326923076923088
23 0.6850721153846154 0.7901201923076923 0.05831730769230767 0.0607692307692307
26 0.7551442307692308 0.7924038461538461 0.04223557692307704 0.06350961538461529
27 0.8179807692307691 0.7904326923076923 0.04427884615384606 0.061274038461538484
28 0.8804326923076923 0.7758653846153846 0.04552884615384629 0.061370192307692244
29 0.9458653846153846 0.7766826923076924 0.044206730769230734 0.06125000000000004
30 0.0918028846153846 0.9026442307692307 0.05997596153846155 0.04701923076923064
31 0.16322115384615385 0.8951201923076924 0.046562500000000014 0.06120192307692317
13 0.22622596153846153 0.8947836538461539 0.04658653846153845 0.06052884615384603
14 0.29283653846153845 0.9022596153846153 0.048245192307692294 0.046274038461538464
25 0.36990384615384614 0.8946875 0.06670673076923077 0.06201923076923066