0 0.10480769230769231 0.18853365384615386 0.07497596153846153 0.11747596153846154
28 0.19271634615384617 0.1620673076923077 0.08497596153846153 0.12221153846153847
29 0.28391826923076924 0.16259615384615383 0.08466346153846153 0.1184855769230769
30 0.38800480769230766 0.1773798076923077 0.11473557692307697 0.09031249999999999
31 0.49319711538461536 0.1626201923076923 0.08733173076923073 0.1161298076923077
2 0.5803846153846154 0.16245192307692308 0.07903846153846153 0.12057692307692307
3 0.6810817307692307 0.17740384615384613 0.1121874999999999 0.0904086538461538
4 0.7864903846153847 0.17646634615384615 0.08980769230769234 0.09093749999999996
5 0.8881490384615385 0.17694711538461538 0.10324519230769241 0.0894471153846154
6 0.11146634615384615 0.39365384615384613 0.09069711538461539 0.12382211538461536
7 0.20872596153846154 0.396875 0.0929326923076923 0.1206730769230769
8 0.3007451923076923 0.42704326923076924 0.07985576923076923 0.12331730769230773
15 0.38 0.3938942307692308 0.07492788461538466 0.12675480769230774
16 0.46661057692307695 0.42367788461538464 0.0870913461538462 0.1141826923076923
17 0.5576442307692308 0.39766826923076926 0.07923076923076919 0.11985576923076927
18 0.6509855769230769 0.4103846153846154 0.09834134615384607 0.09002403846153843
19 0.7579086538461539 0.4117788461538462 0.10237980769230777 0.090360576923077
1 0.8734855769230769 0.4225961538461539 0.11713942307692313 0.11682692307692313
12 0.12507211538461538 0.6550961538461538 0.11790865384615387 0.1178846153846153
21 0.26533653846153843 0.6442788461538461 0.15326923076923074 0.0914423076923076
22 0.4250721153846154 0.6439423076923076 0.1534615384615384 0.0931730769230769
24 0.5701442307692308 0.6291105769230769 0.1234615384615385 0.12122596153846142
23 0.6957211538461539 0.6560096153846153 0.11500000000000007 0.11819711538461529
26 0.8002163461538461 0.6586778846153846 0.08122596153846146 0.12264423076923073
27 0.10911057692307692 0.8888221153846154 0.0824278846153846 0.11656250000000003
9 0.19466346153846154 0.8613701923076923 0.08403846153846156 0.11935096153846149
10 0.3148557692307692 0.8609134615384615 0.14656249999999993 0.121610576923077
11 0.4473317307692308 0.8757932692307692 0.10862980769230769 0.08810096153846149
13 0.5495192307692307 0.8624278846153846 0.08223557692307687 0.11911057692307682
14 0.6415384615384615 0.8766826923076922 0.09076923076923074 0.09228365384615381
20 0.7388461538461539 0.8889423076923078 0.08588942307692313 0.11442307692307697
25 0.8487740384615384 0.8633413461538461 0.12350961538461537 0.11894230769230774