0 0.09894230769230769 0.06617788461538462 0.04163461538461537 0.06088942307692307
4 0.1620673076923077 0.0594471153846154 0.04427884615384613 0.04567307692307692
5 0.22930288461538462 0.0596875 0.051682692307692304 0.04555288461538462
6 0.29783653846153846 0.050721153846153846 0.046225961538461584 0.06194711538461538
7 0.3646153846153846 0.0517548076923077 0.04754807692307686 0.058846153846153854
8 0.4287980769230769 0.06725961538461539 0.04031249999999996 0.06240384615384616
9 0.48913461538461533 0.05185096153846154 0.0441826923076923 0.06079326923076925
10 0.5669471153846154 0.05108173076923077 0.07312500000000004 0.06266826923076921
11 0.6513701923076923 0.059975961538461534 0.05444711538461533 0.04495192307692307
13 0.7196153846153847 0.05146634615384615 0.041586538461538355 0.06002403846153846
21 0.7997115384615385 0.05971153846153846 0.07814903846153844 0.044495192307692305
22 0.11754807692307694 0.17560096153846153 0.07887019230769231 0.047283653846153816
24 0.20740384615384616 0.16889423076923077 0.06521634615384614 0.061322115384615364
1 0.2892548076923077 0.18139423076923075 0.05824519230769228 0.06057692307692305
12 0.36819711538461536 0.18158653846153847 0.05987980769230775 0.06096153846153843
23 0.44711538461538464 0.18233173076923076 0.059783653846153854 0.06076923076923077
14 0.5199038461538461 0.17612980769230768 0.047379807692307645 0.04834134615384612
15 0.5828846153846153 0.16735576923076925 0.03939903846153843 0.06343749999999997
16 0.6432451923076923 0.18120192307692307 0.04509615384615383 0.05846153846153845
17 0.7066826923076923 0.16846153846153847 0.041442307692307716 0.06048076923076922
18 0.7710817307692307 0.1755769230769231 0.05004807692307704 0.045504807692307706
19 0.8430048076923077 0.17528846153846153 0.05252403846153852 0.0466346153846154
20 0.10098557692307691 0.3267548076923077 0.0456971153846154 0.05942307692307699
26 0.16461538461538464 0.3268028846153846 0.04076923076923079 0.06125000000000004
27 0.22579326923076926 0.3264903846153846 0.04122596153846155 0.05889423076923077
28 0.2860096153846154 0.31245192307692304 0.04317307692307694 0.05999999999999995
29 0.34894230769230766 0.31302884615384613 0.0419711538461538 0.05942307692307685
30 0.4201201923076923 0.3203846153846154 0.0568990384615385 0.04668269230769235
31 0.4896153846153846 0.31264423076923076 0.043461538461538426 0.0603846153846154
2 0.5514903846153846 0.3124038461538462 0.040144230769230745 0.05990384615384619
3 0.6203846153846153 0.3197355769230769 0.05771634615384613 0.04706730769230765
25 0.6996153846153846 0.31262019230769234 0.061658653846153794 0.06033653846153852
29 0.7802884615384615 0.30310096153846156 0.058173076923077036 0.0790865384615384
30 0.8740625000000001 0.3130048076923077 0.07572115384615384 0.06108173076923083
31 0.1089423076923077 0.4574519230769231 0.05711538461538463 0.07872596153846154
2 0.19081730769230767 0.45706730769230763 0.05367788461538458 0.0796634615384615
3 0.28185096153846156 0.4684134615384616 0.07632211538461539 0.06286057692307687
4 0.37603365384615384 0.46771634615384616 0.05836538461538455 0.059735576923076975
0 0.4601201923076923 0.47569711538461534 0.0514182692307692 0.07742788461538457
1 0.5522355769230769 0.47548076923076926 0.08100961538461536 0.0807211538461538
12 0.6567788461538462 0.4757211538461539 0.08060096153846147 0.0809134615384616
23 0.7622355769230769 0.47442307692307695 0.07872596153846154 0.07831730769230766
26 0.8544951923076923 0.47742788461538466 0.055480769230769326 0.08091346153846146
27 0.10846153846153846 0.6314423076923077 0.0572596153846154 0.078125
28 0.18899038461538462 0.6134375 0.0568990384615385 0.07987980769230774
11 0.2802403846153846 0.6235576923076922 0.07281249999999997 0.06062500000000007
13 0.37177884615384615 0.6134855769230769 0.05675480769230772 0.08000000000000007
14 0.45822115384615386 0.6237019230769231 0.0613461538461538 0.0592307692307692
15 0.5415144230769231 0.6124759615384615 0.05108173076923077 0.08312499999999996
16 0.6229807692307693 0.6315384615384616 0.05951923076923075 0.07663461538461537
17 0.7068028846153845 0.614326923076923 0.053701923076923154 0.07995192307692306
18 0.7949038461538461 0.6230048076923077 0.06680288461538453 0.06125000000000004
19 0.8888221153846154 0.6238701923076923 0.06920673076923069 0.06129807692307692
20 0.10975961538461537 0.7879807692307692 0.05985576923076925 0.07701923076923069
21 0.21646634615384613 0.7800961538461538 0.1049759615384615 0.05951923076923075
22 0.3471153846153846 0.7789903846153846 0.1035817307692307 0.062427884615384684
24 0.4681730769230769 0.7704086538461539 0.0843990384615385 0.07961538461538463
5 0.5699278846153846 0.7799519230769231 0.06843749999999993 0.060937500000000054
6 0.6627884615384616 0.7682932692307692 0.05843749999999987 0.08117788461538457
7 0.7515624999999999 0.7705288461538462 0.06254807692307687 0.0798557692307693
8 0.8362259615384615 0.7893269230769231 0.053269230769230694 0.08295673076923074
9 0.9170673076923077 0.7705288461538462 0.05872596153846142 0.08161057692307704
10 0.12730769230769232 0.9251923076923076 0.09838942307692305 0.08168269230769235
25 0.24625 0.9265625 0.0821153846153846 0.08288461538461543