27 0.11540865384615384 0.11961538461538462 0.12307692307692308 0.1220673076923077
28 0.23822115384615383 0.0839903846153846 0.10687500000000003 0.12588942307692308
29 0.3635096153846154 0.0834375 0.11127403846153851 0.11879807692307692
30 0.5031730769230769 0.10141826923076923 0.14278846153846148 0.09002403846153847
31 0.6367548076923076 0.08646634615384616 0.10300480769230774 0.1193028846153846
2 0.7609855769230769 0.08461538461538462 0.10370192307692304 0.11745192307692308
3 0.8896153846153846 0.09971153846153845 0.11971153846153836 0.09031250000000002
4 0.10646634615384618 0.2969230769230769 0.10014423076923076 0.08903846153846152
12 0.23512019230769232 0.31807692307692303 0.13925480769230772 0.12766826923076927
23 0.38177884615384616 0.31838942307692303 0.14040865384615378 0.13014423076923073
26 0.5139423076923078 0.315 0.1014663461538461 0.11781249999999997
8 0.6081490384615384 0.31552884615384613 0.06798076923076916 0.13362980769230776
9 0.7125961538461538 0.28257211538461535 0.1141826923076923 0.12134615384615383
10 0.8648557692307691 0.28889423076923076 0.17310096153846152 0.1096394230769231
11 0.1305528846153846 0.48894230769230773 0.15569711538461534 0.0977163461538461
13 0.27420673076923074 0.47814903846153844 0.1101682692307692 0.11677884615384612
14 0.39882211538461537 0.49206730769230766 0.11161057692307694 0.08915865384615393
15 0.5163461538461539 0.476875 0.09889423076923073 0.12165865384615387
16 0.6340144230769231 0.5085576923076923 0.12158653846153857 0.12399038461538457
5 0.7663461538461539 0.49117788461538464 0.11257211538461548 0.08923076923076924
6 0.8876442307692307 0.47889423076923077 0.10555288461538453 0.11646634615384613
7 0.11012019230769231 0.6707451923076923 0.11485576923076923 0.12108173076923077
0 0.22665865384615386 0.7088701923076923 0.09274038461538464 0.1288942307692308
1 0.35870192307692306 0.7103365384615384 0.15156250000000002 0.12814903846153833
17 0.4991105769230769 0.6685817307692308 0.10141826923076923 0.1223076923076923
18 0.6193028846153846 0.6849519230769231 0.11247596153846146 0.09031250000000011
21 0.7947596153846154 0.6868990384615384 0.20822115384615386 0.08865384615384614
22 0.1563701923076923 0.8966346153846154 0.19992788461538458 0.11612980769230756
24 0.3619230769230769 0.8685576923076923 0.1802163461538462 0.11915865384615397
19 0.5145192307692308 0.8810336538461538 0.110048076923077 0.0904807692307692
20 0.6432211538461539 0.8958173076923077 0.11781249999999997 0.12189903846153854
25 0.8070192307692309 0.8819951923076924 0.1699038461538463 0.14786057692307691