27 0.03990384615384616 0.13709134615384616 0.04485576923076922 0.05343749999999998
28 0.14362980769230768 0.12692307692307692 0.04250000000000002 0.05718749999999998
29 0.25064903846153846 0.1295192307692308 0.04237980769230768 0.05146634615384615
30 0.3576201923076923 0.13288461538461538 0.05088942307692312 0.042884615384615396
31 0.4662019230769231 0.12990384615384615 0.04295673076923078 0.05002403846153847
0 0.5717548076923077 0.13721153846153847 0.04427884615384619 0.05334134615384615
1 0.6872115384615385 0.1378125 0.061033653846153814 0.05555288461538458
6 0.8019711538461538 0.1291826923076923 0.0447596153846154 0.0529326923076923
7 0.909326923076923 0.13009615384615383 0.0441826923076923 0.050408653846153846
8 0.037572115384615384 0.2164903846153846 0.037980769230769235 0.05930288461538465
9 0.1396875 0.20677884615384615 0.0433653846153846 0.05079326923076922
10 0.25262019230769234 0.20865384615384613 0.05944711538461536 0.04658653846153845
11 0.36860576923076926 0.20959134615384614 0.04884615384615383 0.04242788461538463
13 0.4768269230769231 0.20625 0.04240384615384612 0.04990384615384613
12 0.5894711538461539 0.21543269230769233 0.06225961538461533 0.05401442307692307
23 0.715625 0.21439903846153846 0.06324519230769218 0.057307692307692316
26 0.831201923076923 0.21579326923076922 0.04307692307692298 0.05579326923076925
2 0.9352884615384615 0.20564903846153845 0.03930288461538467 0.05074519230769227
3 0.04283653846153846 0.28641826923076924 0.050697115384615396 0.046177884615384565
4 0.14983173076923076 0.28591346153846153 0.04180288461538465 0.04326923076923077
5 0.2568990384615385 0.28584134615384615 0.046129807692307685 0.045024038461538504
19 0.36403846153846153 0.28586538461538463 0.04187500000000004 0.04509615384615383
20 0.47009615384615383 0.2924038461538462 0.044206730769230734 0.05725961538461537
21 0.5908173076923077 0.28475961538461536 0.07584134615384618 0.045072115384615384
14 0.7124999999999999 0.28591346153846153 0.04389423076923075 0.04298076923076922
15 0.8168028846153846 0.27939903846153846 0.04050480769230775 0.05836538461538462
16 0.9213942307692308 0.29052884615384617 0.04427884615384606 0.05439903846153845
17 0.03995192307692308 0.37935096153846154 0.04055288461538461 0.05067307692307688
18 0.14387019230769232 0.38245192307692305 0.04516826923076925 0.04442307692307697
22 0.2658173076923077 0.38266826923076924 0.07271634615384616 0.04447115384615385
24 0.39829326923076924 0.3800240384615385 0.06889423076923083 0.04980769230769223
25 0.5271153846153847 0.37985576923076925 0.06430288461538461 0.04730769230769232
26 0.6516586538461537 0.38442307692307687 0.05550480769230777 0.0738942307692308
27 0.7928846153846153 0.3818990384615385 0.05603365384615371 0.06889423076923083
28 0.9322836538461539 0.36899038461538464 0.0529567307692307 0.07161057692307697
29 0.047908653846153844 0.4731730769230769 0.05432692307692308 0.06564903846153847
30 0.19146634615384617 0.47841346153846154 0.06389423076923073 0.05867788461538467
0 0.3358653846153846 0.4839663461538462 0.055480769230769195 0.07197115384615384
1 0.4906490384615385 0.48423076923076924 0.08473557692307693 0.07247596153846149
12 0.6559615384615385 0.4858173076923077 0.081201923076923 0.0734855769230769
5 0.8123076923076924 0.47721153846153846 0.061754807692307824 0.0584375
6 0.9550721153846153 0.4715865384615385 0.055721153846153726 0.0690384615384616
7 0.04838942307692307 0.5764423076923078 0.05526442307692308 0.06456730769230773
8 0.18526442307692306 0.5886538461538462 0.04927884615384615 0.0758894230769232
9 0.32189903846153844 0.5765144230769231 0.05593749999999996 0.0647115384615385
10 0.47254807692307693 0.5773557692307693 0.0775480769230769 0.05985576923076918
11 0.6265865384615386 0.5789423076923077 0.06437499999999993 0.05612980769230775
13 0.7704086538461539 0.575264423076923 0.05478365384615376 0.06442307692307694
14 0.9103365384615384 0.5795192307692308 0.057115384615384596 0.057644230769230816
21 0.06908653846153846 0.6813461538461538 0.09665865384615385 0.057211538461538355
22 0.2503125 0.681298076923077 0.09415865384615388 0.05798076923076924
24 0.42673076923076925 0.6781009615384614 0.08858173076923083 0.06466346153846149
15 0.5818990384615385 0.6718990384615384 0.05149038461538465 0.07632211538461539
23 0.7340144230769231 0.6878365384615385 0.08471153846153848 0.07324519230769237
31 0.888485576923077 0.6771153846153847 0.057115384615384596 0.06504807692307679
4 0.04646634615384615 0.7828365384615386 0.05360576923076922 0.05781249999999989
16 0.18800480769230768 0.7897836538461539 0.05915865384615381 0.07170673076923087
17 0.3292788461538461 0.7793990384615385 0.055432692307692315 0.0640384615384615
18 0.47000000000000003 0.7825240384615384 0.05713942307692303 0.05850961538461546
19 0.6119711538461539 0.7831490384615385 0.054807692307692335 0.057019230769230836
2 0.7516346153846154 0.7801923076923077 0.054423076923076893 0.06562499999999989
3 0.8957451923076923 0.7819711538461539 0.06509615384615394 0.05826923076923079
20 0.048365384615384616 0.8917548076923077 0.05740384615384616 0.07240384615384617
25 0.20459134615384617 0.8807932692307693 0.08574519230769227 0.0642307692307693