0 0.03901442307692308 0.10201923076923076 0.04473557692307692 0.0607451923076923
26 0.10480769230769231 0.10259615384615385 0.04504807692307691 0.06004807692307693
27 0.175 0.10295673076923076 0.05045673076923079 0.06043269230769231
12 0.25237980769230767 0.10305288461538462 0.06466346153846156 0.06093750000000002
23 0.3391105769230769 0.10250000000000001 0.06617788461538456 0.05983173076923077
31 0.4227644230769231 0.08824519230769232 0.052259615384615404 0.059086538461538454
2 0.4963221153846154 0.08786057692307692 0.0514182692307692 0.05930288461538462
3 0.5758653846153846 0.09514423076923076 0.0640384615384615 0.04591346153846153
4 0.6521394230769231 0.09524038461538462 0.05060096153846143 0.043461538461538454
5 0.728173076923077 0.0956971153846154 0.054711538461538436 0.046249999999999986
28 0.8030288461538462 0.08764423076923077 0.05093750000000013 0.05973557692307695
29 0.877860576923077 0.08790865384615384 0.054519230769230646 0.0602644230769231
30 0.05052884615384615 0.19456730769230768 0.0659375 0.046129807692307685
1 0.13850961538461537 0.20235576923076926 0.07168269230769232 0.059831730769230734
6 0.2213701923076923 0.19105769230769232 0.054759615384615386 0.057596153846153866
14 0.2969230769230769 0.19579326923076923 0.05463942307692305 0.04487980769230766
15 0.3725240384615385 0.18812500000000001 0.05348557692307692 0.05913461538461537
16 0.446875 0.20271634615384615 0.05240384615384618 0.062427884615384614
17 0.5202163461538462 0.18786057692307695 0.05115384615384622 0.05860576923076922
22 0.6106490384615384 0.19908653846153845 0.0859375 0.055144230769230765
24 0.7117307692307692 0.18879807692307693 0.08216346153846142 0.06230769230769228
18 0.7935576923076924 0.19478365384615384 0.056057692307692426 0.044687500000000005
19 0.8707932692307693 0.19459134615384616 0.05704326923076927 0.04432692307692307
20 0.043245192307692304 0.3281009615384616 0.05319711538461539 0.0635576923076923
21 0.13735576923076923 0.32026442307692304 0.08978365384615383 0.04605769230769237
7 0.2235096153846154 0.31221153846153843 0.056874999999999995 0.05951923076923075
8 0.29396634615384615 0.32817307692307696 0.04242788461538463 0.06372596153846152
9 0.36158653846153843 0.3130769230769231 0.05194711538461542 0.05939903846153841
10 0.44959134615384616 0.3121634615384616 0.08370192307692306 0.05939903846153841
11 0.544375 0.32009615384615386 0.06062499999999993 0.045697115384615364
13 0.6231490384615385 0.3126923076923077 0.057307692307692386 0.06048076923076929
25 0.7107451923076924 0.3159134615384615 0.07533653846153854 0.06689903846153843
26 0.7963221153846154 0.3223317307692308 0.05786057692307704 0.08158653846153846
27 0.8882692307692307 0.3233894230769231 0.06610576923076923 0.08185096153846157
28 0.050985576923076925 0.4366105769230769 0.06682692307692308 0.07959134615384619
29 0.1510576923076923 0.43745192307692304 0.07281249999999997 0.07985576923076916
12 0.25877403846153846 0.4564903846153846 0.0848798076923077 0.07995192307692306
23 0.37401442307692306 0.4567307692307692 0.0860336538461539 0.07858173076923076
31 0.4836298076923077 0.43721153846153843 0.0704086538461539 0.07836538461538467
25 0.5987259615384615 0.44259615384615386 0.10091346153846158 0.08913461538461534
2 0.7067548076923077 0.43733173076923076 0.06735576923076919 0.0786057692307692
3 0.8122836538461539 0.4461298076923077 0.08242788461538453 0.059254807692307634
4 0.9157211538461538 0.44569711538461537 0.06737980769230763 0.05838942307692312
5 0.05610576923076923 0.5779326923076923 0.07524038461538463 0.06024038461538462
6 0.15591346153846153 0.5721153846153846 0.06959134615384613 0.07266826923076927
7 0.25822115384615385 0.5691586538461538 0.0726682692307692 0.0778605769230769
22 0.3814182692307692 0.5833173076923077 0.11567307692307693 0.07100961538461543
14 0.49783653846153847 0.5787259615384616 0.07423076923076923 0.05997596153846151
15 0.597764423076923 0.5698557692307692 0.06932692307692302 0.07737980769230769
8 0.6879807692307692 0.5907692307692307 0.05382211538461535 0.08223557692307701
9 0.7788701923076923 0.5694230769230769 0.06923076923076912 0.08021634615384617
10 0.8975721153846153 0.5698798076923077 0.11057692307692307 0.07930288461538464
30 0.06199519230769231 0.7106490384615385 0.0869951923076923 0.05942307692307699
0 0.16382211538461539 0.720576923076923 0.05951923076923075 0.07925480769230776
1 0.2696153846153846 0.7215865384615385 0.09360576923076923 0.07944711538461527
11 0.38709134615384616 0.7124038461538462 0.08259615384615387 0.06105769230769225
13 0.493125 0.7010576923076923 0.07278846153846147 0.0790865384615384
19 0.5960336538461538 0.7098557692307692 0.07521634615384606 0.0596875000000001
20 0.6860096153846154 0.7217788461538461 0.07024038461538468 0.08168269230769235
21 0.8104567307692307 0.7111778846153847 0.11944711538461551 0.060504807692307594
16 0.9261298076923077 0.7200480769230769 0.06968750000000003 0.08009615384615397
17 0.05213942307692307 0.8347115384615384 0.0654326923076923 0.07826923076923063
18 0.1510576923076923 0.8443269230769231 0.07096153846153849 0.05867788461538454
24 0.26860576923076923 0.8356730769230769 0.10389423076923077 0.08016826923076928