0 0.07312500000000001 0.1134375 0.0880528846153846 0.12187499999999997
1 0.1972596153846154 0.11293269230769232 0.13641826923076922 0.12086538461538462
12 0.3403365384615385 0.11314903846153847 0.1290625 0.12129807692307691
28 0.461875 0.08447115384615385 0.10139423076923079 0.11959134615384616
29 0.5785817307692308 0.08331730769230769 0.1070673076923076 0.11728365384615383
30 0.7085096153846154 0.09848557692307693 0.12906250000000014 0.09194711538461539
31 0.8352163461538461 0.08302884615384615 0.10415865384615394 0.11670673076923076
2 0.07954326923076924 0.2824519230769231 0.10088942307692307 0.11829326923076919
3 0.20293269230769231 0.29752403846153846 0.12247596153846158 0.09026442307692303
4 0.3238221153846154 0.2960096153846154 0.0985576923076923 0.08718750000000003
23 0.4481730769230769 0.3121634615384616 0.12963942307692308 0.11951923076923084
26 0.568076923076923 0.31278846153846157 0.0860336538461539 0.12331730769230773
27 0.6713701923076923 0.31348557692307694 0.09778846153846142 0.12216346153846153
5 0.7858173076923076 0.29507211538461536 0.11163461538461551 0.09038461538461544
10 0.11228365384615382 0.48124999999999996 0.16382211538461539 0.11610576923076926
11 0.26730769230769236 0.49451923076923077 0.1196153846153846 0.08947115384615377
21 0.42788461538461536 0.4948798076923077 0.17762019230769227 0.08769230769230774
22 0.6003846153846154 0.5032932692307692 0.17033653846153848 0.10451923076923081
24 0.7663942307692307 0.48194711538461543 0.16050480769230765 0.1175
14 0.9270432692307692 0.495 0.10812500000000004 0.09045673076923076
15 0.08091346153846153 0.6814903846153846 0.10108173076923076 0.11423076923076919
16 0.19456730769230768 0.7094471153846154 0.1031971153846154 0.11954326923076927
17 0.3071634615384615 0.6796875 0.1006730769230769 0.11567307692307693
18 0.42036057692307693 0.6935096153846154 0.1069471153846154 0.09021634615384609
19 0.5415865384615385 0.6946394230769232 0.1114903846153846 0.08740384615384619
20 0.6752163461538461 0.7115144230769231 0.1029807692307693 0.12367788461538473
6 0.7886778846153846 0.6843269230769231 0.10216346153846154 0.10978365384615375
7 0.9059134615384615 0.6807451923076923 0.11139423076923084 0.11783653846153842
8 0.0691826923076923 0.910985576923077 0.0826923076923077 0.12283653846153851
9 0.1699278846153846 0.8804326923076923 0.10199519230769233 0.1173798076923078
25 0.30567307692307694 0.8876682692307691 0.15081730769230772 0.1318509615384616
13 0.43778846153846157 0.8807211538461538 0.10632211538461543 0.11798076923076933