31 0.06209134615384615 0.11427884615384615 0.04403846153846152 0.04985576923076922
2 0.1375 0.11403846153846153 0.04264423076923079 0.050817307692307696
3 0.21600961538461538 0.12158653846153845 0.05343749999999998 0.03786057692307692
4 0.2953125 0.12060096153846155 0.0417548076923077 0.0378846153846154
5 0.37209134615384615 0.12141826923076923 0.047091346153846095 0.03949519230769229
6 0.4503125 0.10822115384615386 0.0452403846153846 0.0618028846153846
7 0.5256971153846154 0.11444711538461538 0.0458173076923077 0.05084134615384617
8 0.5972836538461539 0.12966346153846153 0.03471153846153845 0.0559855769230769
9 0.6708413461538462 0.11497596153846154 0.04358173076923076 0.05139423076923076
10 0.7598557692307693 0.10889423076923076 0.06939903846153847 0.06374999999999999
0 0.8458413461538462 0.1305769230769231 0.0390625 0.05507211538461538
11 0.9253605769230769 0.12067307692307692 0.049831730769230816 0.03603365384615383
13 0.06240384615384616 0.19334134615384618 0.042644230769230754 0.04913461538461538
14 0.1383653846153846 0.20141826923076925 0.04437500000000002 0.037259615384615384
15 0.21540865384615385 0.19033653846153847 0.04221153846153847 0.061129807692307706
16 0.28942307692307695 0.20814903846153848 0.0419711538461538 0.05074519230769234
17 0.3667788461538462 0.1938701923076923 0.042475961538461574 0.05016826923076924
18 0.44225961538461533 0.20182692307692307 0.04516826923076928 0.03805288461538465
19 0.5213942307692307 0.20163461538461538 0.0512019230769231 0.0376682692307692
20 0.5987980769230768 0.2070673076923077 0.0417548076923077 0.04855769230769228
1 0.6761778846153846 0.2107692307692308 0.04826923076923087 0.05593750000000002
12 0.7622836538461539 0.2111057692307692 0.054230769230769096 0.05661057692307695
23 0.8503605769230769 0.21048076923076925 0.055432692307692176 0.05536057692307693
26 0.9284855769230769 0.20879807692307692 0.036057692307692304 0.0519951923076923
27 0.05682692307692308 0.2956971153846154 0.03151442307692308 0.05353365384615387
28 0.1273798076923077 0.28134615384615386 0.04043269230769232 0.051490384615384584
29 0.203125 0.28064903846153844 0.04764423076923075 0.050120192307692296
22 0.2940144230769231 0.29269230769230775 0.07122596153846153 0.04552884615384615
24 0.39110576923076923 0.28134615384615386 0.05906249999999998 0.05088942307692305
30 0.47959134615384613 0.28757211538461536 0.055721153846153865 0.037259615384615384
21 0.5727403846153846 0.2876682692307692 0.07173076923076917 0.03620192307692308
25 0.6695432692307691 0.28471153846153846 0.06105769230769225 0.0595913461538462
30 0.7624759615384615 0.28581730769230773 0.06062500000000007 0.03978365384615387
31 0.8511298076923077 0.27862980769230766 0.047620192307692176 0.053461538461538484
2 0.9317788461538462 0.2779567307692308 0.04663461538461533 0.05612980769230768
3 0.06831730769230769 0.37269230769230766 0.05651442307692309 0.03925480769230765
4 0.15310096153846153 0.37259615384615385 0.04778846153846153 0.0390625
5 0.2351923076923077 0.3718990384615385 0.05170673076923075 0.04168269230769225
6 0.32016826923076924 0.35745192307692303 0.05137019230769232 0.06887019230769226
12 0.4071875 0.38259615384615386 0.06115384615384615 0.0630769230769231
23 0.5021153846153846 0.383125 0.060697115384615384 0.06211538461538456
26 0.5878125 0.3804567307692308 0.039807692307692315 0.056778846153846166
7 0.6666826923076923 0.36427884615384615 0.049302884615384596 0.056490384615384616
8 0.7422836538461539 0.38163461538461535 0.0362500000000001 0.05911057692307686
0 0.8215625 0.3826201923076923 0.04257211538461547 0.06110576923076927
1 0.9037499999999999 0.3828365384615384 0.05358173076923068 0.06153846153846159
27 0.05841346153846154 0.4687740384615384 0.036682692307692305 0.05713942307692303
28 0.13516826923076922 0.45298076923076924 0.04399038461538461 0.05274038461538461
29 0.21740384615384614 0.45360576923076923 0.05221153846153846 0.05483173076923077
19 0.3039423076923077 0.46048076923076925 0.05497596153846155 0.040576923076923066
20 0.38877403846153846 0.46757211538461535 0.04439903846153839 0.05271634615384617
21 0.4826201923076923 0.46024038461538463 0.07382211538461533 0.042067307692307696
22 0.5927884615384614 0.46550480769230773 0.07778846153846157 0.04858173076923072
24 0.6992067307692308 0.45358173076923075 0.06627403846153858 0.0568028846153846
25 0.7980769230769231 0.45870192307692303 0.06509615384615394 0.0640384615384615
9 0.8909134615384615 0.45348557692307695 0.04735576923076934 0.05545673076923075
10 0.07887019230769231 0.5382451923076923 0.07637019230769229 0.069639423076923
11 0.17735576923076923 0.5527163461538461 0.055144230769230765 0.039423076923076866
13 0.2630769230769231 0.5456009615384615 0.047235576923076936 0.052932692307692264
14 0.3463221153846154 0.5531009615384616 0.04923076923076927 0.040192307692307624
15 0.42908653846153844 0.5415865384615385 0.0463942307692308 0.06706730769230763
16 0.5096634615384615 0.5606009615384615 0.046706730769230785 0.055192307692307645
17 0.5925240384615384 0.5454567307692307 0.047812499999999966 0.05449519230769235
18 0.6761298076923077 0.5530048076923078 0.048629807692307736 0.041826923076923025
30 0.7632932692307691 0.5521875 0.062091346153846254 0.04204326923076925
31 0.8581009615384616 0.5437980769230769 0.0501442307692308 0.05855769230769234
2 0.9446394230769232 0.5446634615384616 0.04942307692307679 0.05846153846153845
3 0.0698076923076923 0.6459134615384615 0.058269230769230754 0.04274038461538455
4 0.1604326923076923 0.6451442307692308 0.05088942307692305 0.04307692307692298
5 0.25141826923076926 0.6445913461538461 0.055336538461538486 0.04223557692307704
23 0.34665865384615385 0.6554567307692308 0.0646153846153846 0.06370192307692307
26 0.43711538461538463 0.653485576923077 0.04213942307692315 0.05975961538461542
27 0.5145913461538462 0.6534375 0.03805288461538458 0.06331730769230777
6 0.6006490384615385 0.6293509615384616 0.05300480769230758 0.07247596153846149
7 0.6900000000000001 0.6364663461538461 0.05048076923076923 0.06086538461538474
8 0.7732932692307692 0.6547115384615385 0.041442307692307716 0.06406249999999994
0 0.8563701923076923 0.6551923076923077 0.046706730769230646 0.06499999999999992
1 0.9461298076923076 0.6557211538461538 0.05608173076923087 0.0642307692307693
12 0.07165865384615386 0.7509134615384615 0.0636298076923077 0.06413461538461526
28 0.1673076923076923 0.7319711538461539 0.04615384615384613 0.05771634615384613
29 0.25545673076923076 0.7316586538461538 0.054182692307692286 0.05891826923076921
9 0.3467548076923077 0.7305769230769231 0.05000000000000003 0.06043269230769228
10 0.4505528846153846 0.7244471153846154 0.08192307692307689 0.07408653846153858
11 0.5562980769230769 0.7399759615384615 0.05858173076923078 0.04228365384615392
13 0.6487980769230769 0.7304807692307692 0.049447115384615506 0.05656249999999993
14 0.7396153846153847 0.7394711538461538 0.051682692307692304 0.04312500000000013
20 0.8278125000000001 0.7472596153846154 0.046899038461538436 0.056826923076923046
21 0.9302163461538462 0.739423076923077 0.07973557692307683 0.04300480769230766
22 0.08009615384615384 0.8374759615384615 0.08252403846153845 0.054326923076923134
24 0.19377403846153846 0.8242067307692308 0.0698317307692308 0.059110576923077
25 0.3011778846153846 0.8301923076923077 0.0698317307692308 0.06737980769230763
15 0.39973557692307693 0.8192788461538462 0.046875 0.06771634615384606
16 0.48762019230769227 0.8397355769230769 0.05067307692307688 0.05841346153846143
17 0.5751201923076923 0.8238221153846154 0.05002403846153847 0.05831730769230767
18 0.6660336538461539 0.8324038461538461 0.05064903846153858 0.04218749999999989
19 0.7561057692307693 0.8326682692307692 0.05882211538461545 0.04271634615384611