29 0.06966346153846154 0.06894230769230769 0.057187499999999995 0.059783653846153854
30 0.1689903846153846 0.07701923076923077 0.06552884615384613 0.04384615384615383
31 0.2665384615384615 0.06805288461538461 0.052307692307692284 0.05995192307692309
2 0.35697115384615385 0.06807692307692308 0.05290865384615383 0.062043269230769235
3 0.4542788461538461 0.0776201923076923 0.06319711538461543 0.04504807692307691
4 0.5485096153846154 0.07646634615384615 0.053365384615384585 0.04473557692307692
5 0.6414423076923076 0.07713942307692309 0.056923076923076806 0.04411057692307691
6 0.7342548076923077 0.060625 0.05425480769230781 0.07516826923076922
7 0.8256971153846154 0.06826923076923076 0.05483173076923064 0.06043269230769231
8 0.9129567307692308 0.08769230769230768 0.04103365384615397 0.0651923076923077
9 0.06800480769230768 0.16545673076923076 0.05242788461538462 0.06045673076923078
10 0.1748076923076923 0.15721153846153849 0.08120192307692307 0.07603365384615383
11 0.2855048076923077 0.17430288461538462 0.058221153846153846 0.04209134615384613
13 0.3802644230769231 0.16471153846153846 0.053413461538461604 0.0590144230769231
14 0.4733653846153846 0.17423076923076924 0.055336538461538416 0.04399038461538464
15 0.5667548076923077 0.16108173076923077 0.04975961538461536 0.07175480769230767
16 0.6564182692307692 0.18129807692307692 0.052836538461538504 0.060120192307692284
20 0.7476201923076923 0.18084134615384617 0.04889423076923084 0.05918269230769232
21 0.8534134615384615 0.17372596153846154 0.08221153846153857 0.044975961538461555
23 0.07312500000000001 0.2826923076923077 0.06612980769230771 0.0665625
26 0.16680288461538462 0.2801923076923077 0.04314903846153843 0.061610576923076914
27 0.24826923076923077 0.28028846153846154 0.039807692307692315 0.06177884615384613
28 0.33442307692307693 0.2631490384615385 0.045841346153846135 0.059543269230769254
17 0.42312500000000003 0.2629326923076923 0.049879807692307696 0.05911057692307693
18 0.5143028846153845 0.27213942307692307 0.0530528846153846 0.0454807692307692
19 0.6119471153846153 0.27194711538461536 0.05805288461538456 0.04310096153846155
24 0.7146153846153845 0.2645432692307692 0.07103365384615373 0.060312500000000005
25 0.8257932692307691 0.2684375 0.07105769230769218 0.07014423076923079
22 0.08084134615384617 0.39838942307692304 0.08555288461538463 0.05560096153846153
0 0.18939903846153847 0.4056730769230769 0.04908653846153843 0.0661538461538461
1 0.28081730769230767 0.4050480769230769 0.05814903846153845 0.06692307692307686
12 0.3851682692307692 0.4054567307692307 0.0672115384615384 0.0677163461538462
27 0.48646634615384615 0.39942307692307694 0.05783653846153847 0.08370192307692306
28 0.6020673076923078 0.3746875 0.06031249999999994 0.07826923076923077
29 0.7226201923076924 0.3765384615384615 0.07507211538461543 0.07999999999999993
30 0.8552884615384616 0.38737980769230773 0.08798076923076928 0.055624999999999966
31 0.07766826923076924 0.5044471153846154 0.06718750000000001 0.07939903846153853
2 0.19771634615384615 0.5047355769230769 0.06891826923076927 0.08000000000000007
3 0.3248557692307692 0.5161057692307692 0.08079326923076927 0.0586538461538461
4 0.45247596153846154 0.5160817307692308 0.06961538461538457 0.05661057692307695
5 0.5752884615384615 0.5172836538461538 0.07370192307692314 0.05899038461538467
6 0.6998798076923076 0.49533653846153847 0.07161057692307683 0.09923076923076916
7 0.8229567307692308 0.5045913461538462 0.06937500000000003 0.07971153846153853
8 0.9380769230769231 0.5295913461538462 0.057259615384615506 0.08360576923076916
16 0.0768028846153846 0.6573317307692308 0.06944711538461538 0.08067307692307707
17 0.1983653846153846 0.6353846153846153 0.06620192307692306 0.08088942307692303
18 0.32141826923076927 0.6461057692307691 0.06990384615384612 0.05824519230769235
19 0.4496394230769231 0.6468028846153846 0.07596153846153851 0.05762019230769237
20 0.5741826923076924 0.6570913461538462 0.0646153846153846 0.07819711538461532
21 0.7152163461538461 0.6459134615384615 0.10831730769230756 0.05786057692307704
22 0.8781009615384616 0.6533413461538462 0.11156249999999993 0.07269230769230771
24 0.08800480769230769 0.7652644230769231 0.09612980769230771 0.08021634615384617
25 0.23490384615384616 0.771201923076923 0.09519230769230767 0.09211538461538474
9 0.37310096153846156 0.764639423076923 0.06911057692307693 0.08096153846153833
10 0.5164663461538461 0.753125 0.1094711538461539 0.10201923076923063
0 0.6582692307692307 0.7888942307692308 0.060552884615384744 0.08740384615384619
1 0.7808653846153846 0.7901923076923077 0.07733173076923067 0.08800480769230773
12 0.9183653846153846 0.7909134615384615 0.0879326923076924 0.08742788461538463
23 0.08466346153846153 0.9187740384615384 0.08721153846153847 0.0887499999999999
26 0.20872596153846154 0.9165384615384615 0.05887019230769233 0.08225961538461544
11 0.32992788461538464 0.9046875000000001 0.0789182692307692 0.056586538461538376
13 0.45615384615384613 0.8935096153846154 0.06694711538461544 0.07826923076923091
14 0.5814182692307692 0.9044471153846154 0.07108173076923088 0.05608173076923087
15 0.704375 0.8859134615384616 0.06658653846153857 0.09716346153846143