31 0.12923076923076923 0.11290865384615384 0.09903846153846155 0.11701923076923079
2 0.23341346153846151 0.11276442307692307 0.09995192307692304 0.119375
3 0.34978365384615384 0.1310096153846154 0.12242788461538463 0.08500000000000003
4 0.4635096153846154 0.12913461538461538 0.0996153846153846 0.0861778846153846
5 0.5720913461538462 0.12961538461538463 0.1092548076923078 0.08716346153846152
6 0.6833894230769231 0.09805288461538463 0.1066826923076923 0.14805288461538463
7 0.7899759615384615 0.11192307692307693 0.10473557692307704 0.11754807692307694
8 0.8859615384615385 0.1499519230769231 0.08415865384615383 0.12528846153846152
0 0.12360576923076924 0.3471634615384615 0.09288461538461543 0.13028846153846152
1 0.2323798076923077 0.3462740384615385 0.11468750000000003 0.13081730769230773
12 0.3635096153846154 0.3469471153846154 0.13240384615384612 0.132139423076923
23 0.49889423076923073 0.34665865384615385 0.1298557692307692 0.13156250000000005
26 0.6119230769230769 0.34185096153846156 0.08264423076923076 0.11942307692307694
27 0.6975240384615385 0.34276442307692306 0.07925480769230776 0.12379807692307693
28 0.7927644230769231 0.30661057692307697 0.09514423076923087 0.11538461538461539
29 0.13177884615384616 0.5007692307692307 0.11173076923076924 0.1184615384615384
30 0.25435096153846154 0.5183653846153846 0.1266346153846154 0.08531250000000003
9 0.37483173076923076 0.5016826923076922 0.101875 0.1227884615384615
10 0.5147115384615385 0.48540865384615384 0.16151442307692307 0.15098557692307693
11 0.6593509615384616 0.5161298076923078 0.11677884615384625 0.08336538461538463
13 0.7733413461538461 0.5004567307692308 0.101875 0.11781249999999997
17 0.8819471153846153 0.5015144230769231 0.10141826923076937 0.11992788461538459
18 0.12846153846153846 0.7130528846153846 0.1101923076923077 0.0876682692307693
19 0.24365384615384617 0.7125240384615386 0.11536057692307694 0.0839423076923076
20 0.35562499999999997 0.7283173076923077 0.09639423076923083 0.11552884615384602
21 0.4913461538461539 0.7120913461538462 0.16283653846153848 0.08310096153846167
22 0.6604086538461539 0.7241346153846154 0.16699519230769239 0.10718750000000007
14 0.8029567307692307 0.713076923076923 0.10793269230769226 0.08757211538461526
15 0.1255528846153846 0.8805288461538462 0.09673076923076922 0.14161057692307685
16 0.230625 0.9204807692307693 0.10197115384615388 0.1177644230769231
24 0.35810096153846155 0.8893028846153845 0.13927884615384614 0.11867788461538463
25 0.5038701923076924 0.9001201923076922 0.14235576923076929 0.14033653846153846