23 0.08271634615384614 0.18372596153846155 0.06728365384615384 0.054951923076923107
31 0.15778846153846154 0.17108173076923078 0.04913461538461538 0.04968749999999997
2 0.22177884615384616 0.1708894230769231 0.04490384615384617 0.0493269230769231
3 0.29045673076923073 0.1770673076923077 0.054086538461538464 0.039615384615384594
4 0.35884615384615387 0.17608173076923078 0.046610576923076893 0.0376682692307692
5 0.4246634615384615 0.17632211538461537 0.048052884615384636 0.038125000000000034
26 0.49093749999999997 0.18247596153846152 0.04435096153846151 0.05043269230769228
27 0.5563942307692308 0.18314903846153846 0.0490865384615385 0.05156249999999997
0 0.6220192307692307 0.18475961538461538 0.041634615384615506 0.054567307692307665
18 0.6867548076923077 0.1760576923076923 0.0514182692307692 0.03759615384615388
19 0.7579086538461539 0.17639423076923075 0.0484134615384615 0.03629807692307691
20 0.8253125 0.18329326923076922 0.05004807692307704 0.052067307692307684
21 0.9073798076923077 0.17649038461538463 0.08201923076923077 0.0390625
1 0.08213942307692308 0.2823798076923077 0.06814903846153844 0.055913461538461516
12 0.1678125 0.28387019230769234 0.06899038461538459 0.0568990384615385
28 0.24173076923076925 0.26877403846153847 0.044735576923076954 0.05076923076923078
29 0.3079807692307692 0.26884615384615385 0.04706730769230765 0.04891826923076922
30 0.3799759615384615 0.2753605769230769 0.056826923076923046 0.0398798076923077
6 0.45009615384615387 0.2668269230769231 0.044831730769230714 0.05290865384615383
7 0.5150721153846154 0.26942307692307693 0.05055288461538469 0.04807692307692308
8 0.5759375 0.28502403846153845 0.03444711538461535 0.0592307692307692
9 0.6350721153846154 0.26908653846153846 0.048197115384615276 0.0514182692307692
10 0.7139663461538461 0.2713942307692308 0.0737740384615386 0.04600961538461535
11 0.8006971153846153 0.2751923076923077 0.05891826923076921 0.03759615384615388
13 0.8760576923076923 0.2684134615384615 0.045360576923076934 0.050048076923076903
14 0.9418269230769231 0.2759134615384615 0.046706730769230646 0.03699519230769228
22 0.09004807692307693 0.4017307692307692 0.08197115384615386 0.052259615384615404
24 0.18704326923076925 0.3898076923076923 0.0716105769230769 0.05045673076923079
15 0.2619230769230769 0.38795673076923076 0.04108173076923078 0.05274038461538461
16 0.32545673076923076 0.4013221153846154 0.04995192307692301 0.04947115384615381
17 0.3916826923076923 0.3889423076923077 0.044158653846153854 0.04874999999999993
25 0.4720913461538461 0.39548076923076925 0.07480769230769233 0.06377403846153853
21 0.5796634615384615 0.39033653846153843 0.10365384615384617 0.04949519230769225
12 0.7007451923076923 0.4001682692307692 0.08540865384615379 0.06918269230769238
23 0.8110817307692308 0.4018028846153846 0.08572115384615377 0.07043269230769234
26 0.9077644230769231 0.3982451923076923 0.054711538461538436 0.06331730769230763
27 0.08110576923076923 0.5267307692307692 0.06206730769230771 0.06586538461538456
30 0.17108173076923078 0.5178125 0.07175480769230767 0.0480288461538462
31 0.2636057692307692 0.5104086538461539 0.05846153846153845 0.06129807692307692
2 0.34625 0.5103605769230769 0.05858173076923078 0.061177884615384585
3 0.4333894230769231 0.5179086538461538 0.07149038461538464 0.04826923076923073
4 0.5211057692307692 0.5174759615384615 0.05661057692307695 0.047379807692307645
5 0.6063221153846153 0.5175480769230769 0.06076923076923084 0.047524038461538416
6 0.6912259615384616 0.5074278846153846 0.05632211538461526 0.06531250000000004
7 0.7740865384615384 0.5098317307692308 0.06177884615384626 0.06211538461538456
28 0.8605769230769231 0.5086778846153847 0.056490384615384616 0.06384615384615386
29 0.9437500000000001 0.5102884615384615 0.060552884615384744 0.06305288461538466
22 0.10230769230769231 0.6532451923076923 0.10646634615384613 0.06651442307692298
14 0.211875 0.6464903846153847 0.0612019230769231 0.0489903846153846
15 0.29346153846153844 0.6359855769230769 0.05406250000000002 0.06805288461538449
16 0.3741826923076923 0.6536057692307692 0.06324519230769231 0.06324519230769218
0 0.45913461538461536 0.6550480769230769 0.05286057692307695 0.0701201923076922
17 0.5394951923076923 0.6374038461538463 0.054230769230769235 0.06283653846153843
18 0.6243990384615384 0.6449519230769231 0.066923076923077 0.047908653846153726
19 0.7152884615384616 0.6448557692307693 0.06240384615384624 0.04774038461538465
1 0.8138461538461539 0.65625 0.08322115384615386 0.0705048076923078
8 0.904423076923077 0.6577163461538462 0.044014423076922944 0.07346153846153833
9 0.07959134615384615 0.7673317307692307 0.05901442307692307 0.06430288461538461
10 0.1816346153846154 0.7700721153846154 0.09283653846153847 0.05778846153846145
11 0.2913701923076923 0.7751923076923077 0.07793269230769227 0.04596153846153847
13 0.38685096153846155 0.7669711538461539 0.06055288461538461 0.06358173076923088
20 0.47425480769230766 0.7832211538461539 0.06312499999999997 0.06401442307692307
24 0.5739663461538462 0.768076923076923 0.09024038461538467 0.06579326923076924
25 0.6945913461538461 0.7752403846153846 0.09509615384615398 0.08014423076923084