0 0.06927884615384615 0.17298076923076922 0.07175480769230771 0.09165865384615383
31 0.17836538461538462 0.15036057692307692 0.07896634615384614 0.08173076923076923
2 0.28721153846153846 0.14927884615384615 0.07764423076923073 0.08490384615384618
3 0.4039663461538462 0.16007211538461538 0.0921153846153846 0.06641826923076923
4 0.5226201923076923 0.15810096153846154 0.07836538461538467 0.062475961538461564
5 0.6352403846153846 0.15867788461538462 0.08192307692307702 0.06360576923076924
6 0.7498317307692308 0.14567307692307693 0.07608173076923072 0.08836538461538462
7 0.8596874999999999 0.14882211538461537 0.08475961538461536 0.08396634615384617
8 0.061634615384615385 0.3465625 0.05651442307692309 0.09747596153846157
9 0.1630769230769231 0.3200480769230769 0.07973557692307696 0.08521634615384613
12 0.2935576923076923 0.3448798076923077 0.11435096153846153 0.09124999999999996
23 0.44040865384615385 0.34471153846153846 0.1136057692307692 0.09247596153846147
26 0.5696634615384615 0.34144230769230766 0.07362980769230767 0.0839182692307693
27 0.6826201923076923 0.3412740384615385 0.081201923076923 0.08480769230769238
15 0.7947115384615385 0.3175480769230769 0.07098557692307686 0.08622596153846154
1 0.08757211538461539 0.5125240384615385 0.11180288461538462 0.09158653846153851
28 0.2168028846153846 0.48750000000000004 0.07704326923076926 0.0855528846153847
29 0.3303846153846154 0.48822115384615383 0.0778125 0.08300480769230777
30 0.4530288461538462 0.4987740384615385 0.0967548076923077 0.06406249999999994
16 0.5785817307692308 0.5087980769230769 0.08346153846153853 0.08411057692307694
17 0.6914423076923076 0.48812500000000003 0.07480769230769233 0.07990384615384617
18 0.8039182692307693 0.49786057692307695 0.08942307692307704 0.062235576923076893
19 0.9262259615384616 0.4983653846153846 0.08163461538461547 0.062427884615384684
20 0.07572115384615384 0.6798076923076923 0.08331730769230769 0.0855528846153847
21 0.21596153846153848 0.6685336538461539 0.13742788461538466 0.06302884615384621
10 0.38237980769230767 0.6627644230769231 0.12430288461538457 0.07552884615384606
11 0.5317788461538462 0.6684134615384616 0.10201923076923076 0.060793269230769144
13 0.6578124999999999 0.6590384615384616 0.07762019230769222 0.0840865384615385
14 0.7725721153846153 0.6695913461538462 0.0808173076923077 0.06314903846153842
22 0.9177403846153845 0.6788461538461538 0.14475961538461546 0.08365384615384605
24 0.09423076923076924 0.8295432692307692 0.12235576923076924 0.08456730769230757
25 0.2524759615384615 0.8395913461538461 0.12634615384615386 0.104639423076923