0 0.09350961538461539 0.13146634615384614 0.08124999999999999 0.10430288461538459
1 0.233125 0.13151442307692307 0.12490384615384617 0.10437500000000001
10 0.40721153846153846 0.10846153846153846 0.14132211538461542 0.08713942307692307
11 0.5748557692307692 0.1157451923076923 0.11367788461538453 0.07045673076923077
13 0.7164182692307691 0.10322115384615384 0.08908653846153833 0.09584134615384617
12 0.8648557692307691 0.1308653846153846 0.12872596153846144 0.1031009615384615
23 0.11855769230769231 0.3214663461538461 0.12896634615384614 0.1044711538461538
26 0.26091346153846157 0.3189182692307692 0.0819471153846154 0.0945913461538462
14 0.3872836538461539 0.305625 0.09091346153846153 0.07040865384615383
15 0.5107932692307693 0.29201923076923075 0.07930288461538464 0.09846153846153848
16 0.6295192307692308 0.31651442307692307 0.0956009615384615 0.0912259615384615
29 0.7623317307692308 0.29437499999999994 0.08956730769230767 0.09358173076923079
21 0.12959134615384615 0.49850961538461536 0.15341346153846153 0.07391826923076923
22 0.3239182692307692 0.5094951923076922 0.16223557692307694 0.0934855769230769
24 0.5113942307692307 0.4870673076923077 0.1357692307692308 0.09673076923076926
30 0.6697115384615385 0.49778846153846157 0.10622596153846167 0.07247596153846149
31 0.8045432692307692 0.48677884615384615 0.08987980769230766 0.09134615384615384
2 0.9285096153846154 0.48620192307692306 0.08300480769230763 0.09262019230769224
3 0.10432692307692307 0.6882932692307692 0.10288461538461538 0.0712740384615384
4 0.2360096153846154 0.6882692307692307 0.08740384615384619 0.07122596153846153
5 0.3622596153846154 0.6889423076923078 0.0899038461538461 0.07259615384615395
6 0.4909615384615385 0.6730288461538462 0.08528846153846158 0.098485576923077
7 0.6151682692307692 0.6775240384615385 0.09331730769230767 0.09302884615384627
8 0.7324278846153847 0.7085336538461539 0.06341346153846153 0.109375
9 0.8465384615384616 0.676875 0.08730769230769243 0.09415865384615375
17 0.09423076923076924 0.8677403846153846 0.08271634615384614 0.09026442307692296
18 0.22125 0.8794230769230769 0.09875000000000003 0.06896634615384628
27 0.3569951923076923 0.8921874999999999 0.089014423076923 0.0944471153846153
28 0.48360576923076926 0.8674278846153847 0.08500000000000003 0.09545673076923086
19 0.6115384615384616 0.8783413461538461 0.09088942307692308 0.0715865384615384
20 0.7429807692307692 0.8909855769230769 0.09430288461538466 0.09687499999999989
25 0.8967307692307693 0.8784615384615384 0.13963942307692315 0.11752403846153843