23 0.09536057692307692 0.09788461538461538 0.16134615384615386 0.13300480769230766
26 0.23975961538461538 0.09394230769230769 0.10557692307692304 0.11975961538461537
27 0.3624519230769231 0.09314903846153846 0.11860576923076917 0.12086538461538462
0 0.4826682692307692 0.09831730769230769 0.10264423076923074 0.13117788461538463
1 0.6222115384615384 0.09723557692307692 0.15468750000000006 0.13173076923076918
12 0.7925240384615384 0.09853365384615387 0.16146634615384606 0.13161057692307693
28 0.0648798076923077 0.24862980769230772 0.10841346153846154 0.12466346153846157
3 0.195 0.26415865384615383 0.1282692307692308 0.0916346153846154
4 0.3258413461538462 0.2648317307692307 0.11216346153846146 0.09028846153846154
5 0.4488942307692308 0.2656009615384615 0.11252403846153847 0.09026442307692303
29 0.5739663461538462 0.25067307692307694 0.1169230769230769 0.11822115384615386
30 0.7096153846153845 0.2653125 0.13718750000000013 0.09127403846153853
31 0.8432211538461538 0.2503125 0.1159134615384616 0.11733173076923077
2 0.06706730769230769 0.43766826923076924 0.1074278846153846 0.1181490384615384
6 0.18927884615384613 0.43487980769230766 0.11144230769230766 0.1285817307692308
7 0.30620192307692307 0.4388221153846154 0.12096153846153844 0.1204567307692308
8 0.4175721153846154 0.47341346153846153 0.0792788461538462 0.13355769230769232
9 0.523389423076923 0.43771634615384614 0.1119711538461538 0.12088942307692313
10 0.678076923076923 0.4439903846153846 0.18091346153846152 0.10939903846153844
11 0.8534615384615385 0.45165865384615383 0.147091346153846 0.09002403846153843
13 0.07096153846153846 0.6217307692307692 0.11254807692307692 0.12033653846153833
14 0.19567307692307695 0.6369951923076923 0.11625000000000003 0.09209134615384602
15 0.3148798076923077 0.6201442307692309 0.10088942307692314 0.1278124999999999
25 0.4597115384615385 0.637764423076923 0.17959134615384612 0.1466586538461538
16 0.6187499999999999 0.6523557692307692 0.12105769230769234 0.12016826923076926
20 0.7521153846153846 0.651875 0.1180288461538462 0.11915865384615397
21 0.11182692307692309 0.8244951923076923 0.19961538461538464 0.0931730769230769
22 0.3247355769230769 0.8396634615384616 0.20610576923076926 0.11817307692307685
17 0.48865384615384616 0.8125240384615384 0.10661057692307697 0.12266826923076916
18 0.6122596153846154 0.8243028846153847 0.1241105769230769 0.09012019230769233
19 0.7432451923076923 0.8249038461538463 0.11896634615384617 0.08865384615384614
24 0.9033173076923077 0.8110576923076922 0.17735576923076918 0.12237980769230762