27 0.05149038461538462 0.15098557692307693 0.058918269230769246 0.06257211538461539
28 0.13004807692307693 0.13512019230769232 0.055793269230769216 0.06288461538461537
29 0.20971153846153845 0.13704326923076923 0.05884615384615382 0.06076923076923077
30 0.2967788461538461 0.14245192307692306 0.07074519230769233 0.04752403846153845
31 0.38245192307692305 0.13625 0.05855769230769234 0.058918269230769246
2 0.4625 0.13629807692307694 0.054086538461538464 0.06084134615384616
22 0.5643990384615384 0.15052884615384612 0.10394230769230771 0.06158653846153847
24 0.6823798076923077 0.13697115384615383 0.08699519230769244 0.062187500000000014
25 0.7971874999999999 0.14322115384615383 0.09103365384615386 0.0747115384615385
0 0.8904326923076924 0.15377403846153845 0.051923076923076975 0.06622596153846157
3 0.05372596153846154 0.23709134615384614 0.06492788461538462 0.04610576923076925
4 0.13644230769230767 0.23596153846153844 0.0546875 0.04572115384615387
5 0.21704326923076925 0.23653846153846156 0.056874999999999995 0.046875
6 0.2990625 0.22701923076923075 0.0563221153846154 0.0640384615384615
7 0.3762259615384615 0.23021634615384615 0.060889423076923035 0.060072115384615404
8 0.4498076923076923 0.2469230769230769 0.04161057692307693 0.06764423076923073
9 0.5228125 0.2296153846153846 0.05637019230769228 0.06262019230769234
10 0.6184375 0.23158653846153848 0.08858173076923083 0.05545673076923075
11 0.7246875 0.23733173076923078 0.07365384615384613 0.0447596153846154
13 0.8140384615384615 0.2298076923076923 0.056346153846153976 0.061129807692307706
14 0.8966586538461538 0.2374519230769231 0.05838942307692299 0.044975961538461555
15 0.046682692307692314 0.32237980769230773 0.050817307692307696 0.06504807692307693
16 0.12269230769230768 0.33776442307692306 0.05860576923076922 0.05884615384615389
23 0.2178125 0.3408653846153846 0.0824278846153846 0.06692307692307686
26 0.30894230769230774 0.3379567307692308 0.05391826923076925 0.06110576923076927
17 0.3852884615384615 0.3235817307692308 0.05497596153846155 0.06009615384615385
18 0.4655769230769231 0.3308173076923077 0.06394230769230774 0.04682692307692312
19 0.5501442307692308 0.3298317307692308 0.0592307692307692 0.046706730769230785
20 0.6354326923076923 0.33735576923076926 0.06153846153846159 0.05987980769230775
21 0.7348798076923077 0.3298557692307692 0.10141826923076909 0.04490384615384617
1 0.8479567307692307 0.3406730769230769 0.0779326923076922 0.0683653846153846
12 0.9519711538461538 0.3405528846153846 0.08074519230769238 0.06812499999999994
28 0.057139423076923074 0.42990384615384614 0.0717548076923077 0.08223557692307687
29 0.16326923076923078 0.4314423076923077 0.07507211538461536 0.07793269230769234
30 0.2784615384615385 0.4403605769230769 0.09093749999999996 0.06252403846153844
31 0.39365384615384613 0.4313221153846154 0.07538461538461541 0.0795432692307693
2 0.5001923076923077 0.43064903846153846 0.07211538461538461 0.08002403846153851
3 0.611514423076923 0.4407932692307692 0.0876682692307693 0.06149038461538458
0 0.7195673076923076 0.45377403846153846 0.06560096153846146 0.08745192307692307
6 0.8226682692307693 0.4288942307692307 0.0754326923076923 0.08394230769230773
7 0.9264903846153847 0.43146634615384616 0.0796634615384615 0.07983173076923072
8 0.047908653846153844 0.5787740384615385 0.049591346153846146 0.08966346153846157
9 0.14473557692307693 0.5546153846153846 0.07401442307692309 0.08206730769230766
10 0.27245192307692306 0.5586538461538462 0.1196153846153846 0.0734855769230769
11 0.4146153846153846 0.5648076923076923 0.09884615384615386 0.05990384615384619
13 0.5330048076923076 0.5536057692307692 0.07487980769230763 0.08002403846153851
12 0.6577163461538462 0.5785817307692308 0.10798076923076913 0.089326923076923
23 0.7990865384615385 0.5773557692307693 0.1096394230769231 0.08867788461538459
14 0.9222115384615385 0.5648798076923077 0.07668269230769226 0.060072115384615404
15 0.056033653846153844 0.6789663461538461 0.06875 0.08295673076923074
16 0.15663461538461537 0.6994230769230769 0.07841346153846154 0.07949519230769243
17 0.2654326923076923 0.6795673076923077 0.07045673076923077 0.07860576923076934
18 0.37233173076923076 0.6901201923076923 0.08449519230769226 0.05906250000000012
19 0.4846875 0.6900240384615385 0.078125 0.05819711538461547
20 0.5971875 0.6999038461538463 0.07935096153846152 0.08045673076923084
21 0.7316346153846154 0.6896634615384615 0.13189903846153847 0.061850961538461584
22 0.8975240384615385 0.6996394230769231 0.13824519230769228 0.07995192307692306
24 0.08074519230769231 0.8037740384615385 0.11923076923076922 0.08110576923076926
1 0.22377403846153848 0.8265625000000001 0.10360576923076922 0.08786057692307682
26 0.3421153846153846 0.8234134615384616 0.07007211538461533 0.08245192307692296
27 0.4486298076923077 0.823389423076923 0.07810096153846156 0.08149038461538456
4 0.5578605769230769 0.8126923076923076 0.07281250000000004 0.060120192307692284
5 0.6638461538461539 0.8136298076923077 0.07584134615384605 0.06014423076923073
25 0.7955288461538461 0.8130769230769231 0.12098557692307702 0.09968750000000007