27 0.10081730769230769 0.06665865384615385 0.047764423076923086 0.05425480769230769
28 0.1875 0.05439903846153846 0.04567307692307692 0.05257211538461538
29 0.2765625 0.05389423076923077 0.04350961538461537 0.0549278846153846
30 0.36899038461538464 0.060697115384615384 0.05286057692307695 0.04444711538461537
31 0.460625 0.054375 0.04625000000000002 0.05490384615384614
2 0.5494471153846153 0.05358173076923077 0.0436057692307692 0.05427884615384615
3 0.6431009615384615 0.06019230769230769 0.053028846153846024 0.043461538461538454
4 0.7358413461538462 0.05903846153846153 0.046850961538461564 0.043581730769230775
5 0.8290624999999999 0.06002403846153846 0.05237980769230761 0.043125
6 0.09990384615384616 0.14211538461538462 0.045985576923076914 0.0558653846153846
7 0.18747596153846152 0.1426923076923077 0.045649038461538484 0.054615384615384614
8 0.2755048076923077 0.15389423076923076 0.04377403846153848 0.055384615384615365
9 0.36122596153846154 0.14271634615384615 0.046995192307692335 0.05466346153846153
10 0.45769230769230773 0.14223557692307692 0.06442307692307694 0.05612980769230768
11 0.5581009615384616 0.14865384615384616 0.05132211538461544 0.04250000000000002
13 0.6516105769230769 0.14180288461538462 0.0436057692307692 0.05524038461538462
22 0.7574519230769231 0.14834134615384614 0.07740384615384627 0.0443028846153846
24 0.8746875000000001 0.14396634615384615 0.07149038461538464 0.059591346153846134
25 0.11134615384615384 0.2306730769230769 0.07125000000000001 0.05507211538461538
14 0.21331730769230767 0.23622596153846154 0.04682692307692305 0.04456730769230767
15 0.30372596153846154 0.23072115384615385 0.04427884615384619 0.057596153846153866
16 0.39360576923076923 0.24281250000000001 0.046850961538461564 0.05290865384615383
17 0.48408653846153843 0.23158653846153848 0.045120192307692264 0.054519230769230785
23 0.5821875 0.24307692307692308 0.06581730769230767 0.052548076923076954
26 0.6813701923076922 0.2438221153846154 0.04064903846153838 0.0549278846153846
18 0.7693509615384616 0.2371394230769231 0.045889423076923154 0.04399038461538464
19 0.8622836538461538 0.23716346153846152 0.05146634615384608 0.04401442307692308
20 0.10038461538461538 0.35387019230769234 0.046923076923076915 0.05391826923076925
21 0.2048076923076923 0.34865384615384615 0.07786057692307696 0.043461538461538426
0 0.3091105769230769 0.35379807692307697 0.04129807692307694 0.05377403846153847
1 0.4070913461538461 0.3550480769230769 0.06418269230769227 0.05415865384615378
12 0.5175961538461539 0.3548557692307692 0.0664663461538461 0.05550480769230763
9 0.6239903846153846 0.33403846153846156 0.055673076923076846 0.07435096153846156
10 0.7520432692307693 0.33326923076923076 0.08341346153846164 0.07519230769230763
11 0.8867548076923076 0.34213942307692313 0.06677884615384609 0.05687500000000006
13 0.10550480769230769 0.45161057692307693 0.059591346153846134 0.07149038461538464
14 0.22447115384615385 0.4601442307692307 0.061947115384615406 0.05733173076923082
15 0.34605769230769234 0.45091346153846157 0.05752403846153848 0.07490384615384621
16 0.4665625 0.46778846153846154 0.06052884615384617 0.0702163461538461
17 0.5857692307692308 0.45161057692307693 0.05612980769230775 0.07149038461538464
18 0.703125 0.4589903846153846 0.06009615384615385 0.054999999999999986
19 0.8260817307692307 0.46007211538461534 0.06564903846153833 0.054903846153846095
0 0.10403846153846154 0.5848317307692308 0.054230769230769235 0.06954326923076924
1 0.23358173076923078 0.5843990384615385 0.08257211538461537 0.07024038461538468
12 0.38048076923076923 0.5837259615384616 0.0854567307692308 0.07132211538461543
23 0.5279567307692308 0.5848317307692308 0.0847836538461538 0.07108173076923076
26 0.6600240384615385 0.5857692307692308 0.053221153846153814 0.0705769230769231
27 0.7788942307692307 0.5846634615384615 0.0626201923076922 0.07076923076923076
28 0.895673076923077 0.5702163461538462 0.058173076923077036 0.07093749999999997
29 0.10612980769230769 0.6866346153846153 0.05600961538461538 0.07036057692307687
30 0.23088942307692306 0.6948076923076923 0.06995192307692306 0.05786057692307704
20 0.3545673076923077 0.7027884615384615 0.062475961538461564 0.07141826923076931
21 0.4961778846153846 0.6954086538461539 0.1029326923076923 0.0562259615384615
22 0.6608413461538463 0.694326923076923 0.10290865384615398 0.056923076923076806
24 0.8176442307692308 0.6885817307692308 0.0920192307692307 0.0742788461538461
25 0.12283653846153847 0.8048317307692308 0.08942307692307692 0.0712019230769231
31 0.2569951923076923 0.8052644230769231 0.05966346153846152 0.07209134615384617
2 0.37610576923076927 0.8046875 0.05752403846153848 0.07334134615384613
3 0.4997596153846154 0.8133653846153847 0.06923076923076926 0.057019230769230836
4 0.6241105769230769 0.8122836538461539 0.05831730769230767 0.057259615384615506
5 0.7475721153846154 0.8130528846153846 0.067235576923077 0.054278846153846254
6 0.8707211538461539 0.8039423076923077 0.061177884615384724 0.07423076923076923
7 0.10545673076923076 0.9240384615384615 0.0594471153846154 0.07161057692307683
8 0.22206730769230767 0.9393028846153846 0.057115384615384596 0.0705048076923078