0 0.16067307692307692 0.16084134615384615 0.08093750000000004 0.10331730769230767
31 0.246875 0.1376923076923077 0.08709134615384613 0.10709134615384618
2 0.3392067307692308 0.13735576923076923 0.08548076923076924 0.1064423076923077
3 0.4380769230769231 0.15103365384615383 0.10290865384615386 0.08370192307692306
4 0.5398798076923077 0.15036057692307692 0.08819711538461537 0.08045673076923077
5 0.64 0.1494230769230769 0.10009615384615381 0.08252403846153843
6 0.7390865384615384 0.13680288461538462 0.08795673076923084 0.10733173076923078
7 0.8309134615384616 0.13788461538461538 0.08531250000000003 0.10550480769230773
8 0.16091346153846153 0.3391346153846154 0.08144230769230767 0.10538461538461533
9 0.2476923076923077 0.3159134615384615 0.08492788461538464 0.1055288461538461
10 0.3549278846153846 0.314375 0.12492788461538454 0.10899038461538456
11 0.4716105769230769 0.3274038461538461 0.09985576923076928 0.08108173076923081
1 0.5903125 0.3378846153846154 0.12694711538461553 0.10288461538461541
21 0.7379567307692307 0.32764423076923077 0.15634615384615375 0.0843990384615385
22 0.19790865384615383 0.5033653846153846 0.1554326923076923 0.08149038461538456
24 0.34882211538461544 0.491875 0.13675480769230766 0.10834134615384614
12 0.48711538461538456 0.5137740384615385 0.12887019230769234 0.10362980769230773
23 0.6214663461538461 0.5144471153846154 0.12915865384615388 0.10307692307692307
26 0.7342307692307692 0.5149759615384615 0.08021634615384617 0.10649038461538464
27 0.8267548076923077 0.5151201923076922 0.09100961538461541 0.10629807692307686
28 0.16254807692307693 0.6691826923076923 0.08670673076923076 0.10439903846153833
29 0.2528846153846154 0.6679807692307692 0.08310096153846153 0.105985576923077
30 0.35177884615384614 0.6806009615384615 0.10259615384615386 0.08314903846153854
13 0.4504326923076923 0.6688221153846154 0.08557692307692313 0.10769230769230759
14 0.5441586538461538 0.6808413461538462 0.09072115384615387 0.08163461538461547
15 0.638389423076923 0.6681490384615384 0.08807692307692304 0.1103365384615384
16 0.7324038461538461 0.6917788461538461 0.09057692307692296 0.10350961538461526
17 0.8285576923076923 0.6685817307692308 0.08262019230769233 0.10721153846153851
18 0.16473557692307692 0.8561298076923076 0.08908653846153847 0.08163461538461547
19 0.26334134615384613 0.8566586538461538 0.09800480769230771 0.0799759615384615
20 0.3620673076923077 0.8676201923076923 0.09110576923076917 0.10461538461538457
25 0.4799038461538461 0.8450721153846155 0.13649038461538454 0.10560096153846142