0 0.09874999999999999 0.17177884615384614 0.07728365384615386 0.1141826923076923
26 0.18709134615384615 0.16675480769230772 0.0817067307692308 0.09812499999999999
27 0.2914903846153846 0.16649038461538462 0.09819711538461537 0.09759615384615383
28 0.3943028846153846 0.14100961538461537 0.08346153846153839 0.09673076923076926
29 0.4966346153846154 0.14086538461538461 0.09182692307692306 0.09843750000000001
30 0.6118509615384615 0.15415865384615385 0.11591346153846147 0.07271634615384616
31 0.7247836538461538 0.1401923076923077 0.08331730769230762 0.09711538461538459
22 0.8649278846153846 0.16670673076923076 0.16737980769230767 0.09800480769230771
2 0.10165865384615384 0.3186538461538462 0.08711538461538461 0.09942307692307696
1 0.2196153846153846 0.34896634615384614 0.1227163461538461 0.11399038461538466
12 0.35721153846153847 0.3493028846153846 0.12750000000000006 0.1146634615384615
23 0.49165865384615387 0.34942307692307695 0.12593749999999998 0.11290865384615391
11 0.6188221153846154 0.3312259615384615 0.1198798076923077 0.07451923076923077
13 0.7391346153846154 0.31735576923076925 0.0920192307692307 0.09687500000000003
24 0.8677644230769231 0.3191586538461539 0.14098557692307687 0.0984615384615384
25 0.13060096153846154 0.5062259615384616 0.14300480769230772 0.12401442307692302
14 0.2559134615384615 0.50625 0.09117788461538463 0.07199519230769227
15 0.35533653846153845 0.49235576923076924 0.07968749999999994 0.10228365384615387
16 0.4527884615384616 0.5182692307692307 0.09826923076923076 0.09805288461538467
17 0.5571875 0.49360576923076926 0.08269230769230763 0.09677884615384613
18 0.6556971153846154 0.5058894230769231 0.09346153846153846 0.0712740384615384
3 0.7649759615384616 0.5058413461538461 0.09764423076923077 0.07319711538461536
4 0.8707451923076923 0.5063221153846154 0.0808173076923077 0.0724278846153846
5 0.10329326923076923 0.6809615384615384 0.09040865384615385 0.0728846153846155
6 0.2057451923076923 0.6682932692307693 0.08495192307692309 0.09959134615384603
7 0.3030048076923077 0.6692307692307692 0.09425480769230771 0.09745192307692299
8 0.39187500000000003 0.7013461538461538 0.05860576923076922 0.11163461538461551
9 0.4784375 0.6684134615384616 0.09149038461538463 0.09781249999999986
10 0.6082692307692307 0.6738461538461539 0.14483173076923078 0.08867788461538459
19 0.7404326923076923 0.6813221153846154 0.09466346153846153 0.07278846153846147
20 0.8496875 0.6941586538461538 0.09677884615384613 0.0992548076923076
21 0.141875 0.8582932692307692 0.16757211538461536 0.07293269230769238