27 0.050624999999999996 0.13266826923076921 0.05048076923076923 0.05165865384615387
28 0.13822115384615385 0.12158653846153845 0.04408653846153847 0.05088942307692308
29 0.22795673076923076 0.12187500000000001 0.04725961538461538 0.048774038461538445
30 0.3238942307692308 0.12860576923076922 0.06019230769230774 0.040841346153846145
31 0.4177644230769231 0.12149038461538461 0.04504807692307695 0.050697115384615396
2 0.5066586538461538 0.12081730769230768 0.04377403846153841 0.04932692307692307
3 0.5982932692307692 0.1276923076923077 0.05074519230769234 0.039014423076923085
4 0.6871634615384615 0.12764423076923076 0.041538461538461476 0.03627403846153847
5 0.776298076923077 0.12790865384615385 0.04605769230769223 0.03944711538461538
6 0.8650240384615385 0.12103365384615385 0.044687500000000074 0.04978365384615383
7 0.9512019230769231 0.12288461538461538 0.04874999999999993 0.05076923076923078
8 0.04057692307692307 0.22257211538461538 0.030408653846153842 0.0551682692307692
9 0.11987980769230769 0.20987980769230768 0.047475961538461536 0.051153846153846154
10 0.22411057692307693 0.211875 0.0743028846153846 0.044495192307692284
11 0.3333894230769231 0.21427884615384615 0.060456730769230714 0.038605769230769235
13 0.4298798076923077 0.2089423076923077 0.04514423076923084 0.049302884615384596
14 0.5203605769230769 0.21548076923076923 0.04447115384615385 0.03834134615384613
0 0.6087740384615384 0.22134615384615383 0.039663461538461536 0.05274038461538461
1 0.7005769230769231 0.2219951923076923 0.060360576923076954 0.054038461538461514
17 0.7971153846153847 0.2094951923076923 0.045072115384615384 0.0503846153846154
24 0.8961298076923078 0.2092548076923077 0.06951923076923067 0.05088942307692305
25 0.06012019230769231 0.30007211538461537 0.06947115384615385 0.06158653846153847
18 0.16151442307692307 0.29949519230769234 0.047908653846153865 0.038125000000000034
12 0.2609855769230769 0.3090144230769231 0.05990384615384619 0.057115384615384596
23 0.36509615384615385 0.3088701923076923 0.062475961538461564 0.05951923076923075
26 0.4608413461538462 0.3055288461538461 0.04293269230769234 0.0501442307692308
15 0.5464423076923077 0.2918509615384615 0.040528846153846186 0.05218749999999995
16 0.6343028846153846 0.3064182692307692 0.048004807692307756 0.051923076923076975
19 0.7246394230769231 0.3002403846153846 0.04701923076923064 0.039615384615384656
20 0.818701923076923 0.3066346153846154 0.048197115384615276 0.05237980769230774
21 0.9270192307692308 0.3001923076923077 0.08322115384615386 0.037596153846153814
22 0.06713942307692308 0.415 0.08620192307692308 0.05276442307692305
0 0.17947115384615384 0.41435096153846157 0.051778846153846134 0.07548076923076917
28 0.28841346153846154 0.39637019230769227 0.058677884615384604 0.06586538461538456
29 0.40725961538461536 0.39471153846153845 0.061322115384615364 0.06370192307692307
30 0.5354326923076923 0.40435096153846156 0.07461538461538467 0.0501442307692308
31 0.6607211538461539 0.3949519230769231 0.05540865384615374 0.06605769230769235
21 0.8036778846153846 0.40269230769230774 0.1089903846153847 0.04951923076923082
22 0.08151442307692307 0.5274038461538462 0.1096153846153846 0.0665625
24 0.24141826923076926 0.5116586538461538 0.09557692307692306 0.0671394230769231
6 0.37487980769230766 0.5085336538461539 0.05800480769230768 0.06620192307692313
7 0.49158653846153844 0.5100721153846154 0.061706730769230805 0.06661057692307687
8 0.6003605769230769 0.5309375000000001 0.03887019230769221 0.07365384615384613
9 0.708701923076923 0.5101201923076923 0.06324519230769218 0.06670673076923077
1 0.8406490384615384 0.53 0.08057692307692303 0.07439903846153843
12 0.06872596153846153 0.6471634615384616 0.08401442307692308 0.07906249999999997
23 0.2069951923076923 0.6472836538461538 0.08281250000000004 0.0765865384615385
2 0.33555288461538463 0.6277163461538462 0.05985576923076918 0.0668509615384614
3 0.4577644230769231 0.6346875 0.0661538461538461 0.051442307692307634
4 0.5773317307692307 0.6347836538461539 0.0568990384615385 0.048966346153846166
5 0.6956971153846154 0.6339903846153846 0.06125000000000004 0.05002403846153833
13 0.8144711538461539 0.6252884615384615 0.061081730769230694 0.06471153846153836
14 0.935360576923077 0.6354567307692308 0.059831730769230734 0.050264423076923
15 0.05322115384615385 0.739375 0.05302884615384616 0.06848557692307694
16 0.16903846153846153 0.7568990384615385 0.06562500000000003 0.06612980769230767
17 0.2891346153846154 0.7402163461538461 0.0547836538461539 0.06483173076923084
18 0.40524038461538464 0.7483413461538462 0.05995192307692307 0.049014423076923046
19 0.5262740384615385 0.7493509615384616 0.061610576923076914 0.048389423076923066
20 0.650576923076923 0.7568990384615385 0.06721153846153854 0.06882211538461537
26 0.7704326923076923 0.7571153846153845 0.055817307692307756 0.0639182692307693
27 0.8913701923076923 0.7572596153846154 0.06533653846153833 0.06418269230769241
10 0.07411057692307692 0.8581730769230769 0.0948076923076923 0.06033653846153852
11 0.21836538461538463 0.8637740384615384 0.07882211538461537 0.05019230769230768
25 0.36620192307692306 0.8632692307692308 0.09403846153846154 0.08391826923076916