0 0.133125 0.19235576923076922 0.07391826923076923 0.11170673076923077
30 0.23564903846153845 0.17456730769230772 0.11199519230769231 0.0695192307692308
31 0.3467548076923077 0.16201923076923078 0.08367788461538463 0.09754807692307689
2 0.44348557692307694 0.16139423076923076 0.08737980769230774 0.09634615384615387
3 0.5464903846153846 0.17603365384615385 0.0985576923076923 0.06992788461538463
4 0.6506490384615385 0.17485576923076923 0.07913461538461529 0.07012019230769227
5 0.7471153846153846 0.1757451923076923 0.08987980769230766 0.06968750000000003
6 0.8481730769230769 0.16084134615384615 0.08701923076923088 0.09521634615384619
1 0.1539903846153846 0.3662980769230769 0.12074519230769229 0.10884615384615379
12 0.2897596153846154 0.36747596153846157 0.12658653846153844 0.11257211538461534
23 0.42158653846153843 0.3655288461538462 0.1219951923076923 0.1123798076923077
26 0.5326201923076923 0.3618269230769231 0.08091346153846146 0.09737980769230767
27 0.6351442307692309 0.36086538461538464 0.09870192307692295 0.0979807692307692
28 0.73375 0.33608173076923076 0.08341346153846164 0.0990384615384615
29 0.8346634615384616 0.33524038461538463 0.090360576923077 0.09735576923076923
7 0.13716346153846154 0.5090865384615385 0.09468749999999997 0.0983894230769231
11 0.25098557692307694 0.5216346153846154 0.11737980769230766 0.07288461538461537
13 0.3685096153846154 0.5081249999999999 0.08925480769230767 0.09899038461538463
14 0.4698798076923077 0.5208173076923077 0.08704326923076919 0.07124999999999997
8 0.5557451923076923 0.5407692307692308 0.05728365384615381 0.11112980769230774
9 0.6400961538461538 0.5072836538461538 0.0909375000000001 0.09730769230769235
10 0.7692067307692307 0.5124519230769231 0.14165865384615373 0.08742788461538463
15 0.8910817307692308 0.5054326923076923 0.0767067307692307 0.10122596153846157
16 0.14170673076923077 0.7052884615384615 0.09615384615384616 0.09572115384615397
20 0.25259615384615386 0.7048798076923077 0.09778846153846156 0.09776442307692298
21 0.3952403846153846 0.6927884615384615 0.1629326923076924 0.07252403846153836
22 0.5714182692307692 0.7056490384615385 0.16533653846153853 0.0967548076923077
24 0.7330528846153845 0.6806249999999999 0.1401923076923078 0.0973317307692308
25 0.8826682692307692 0.6921634615384615 0.13829326923076918 0.12038461538461548
17 0.13413461538461538 0.8536298076923077 0.08100961538461543 0.09670673076923081
18 0.23134615384615384 0.8654807692307693 0.0907451923076923 0.06975961538461534
19 0.3336778846153846 0.8652644230769231 0.09040865384615387 0.07187499999999994