27 0.08581730769230769 0.09644230769230769 0.04545673076923076 0.06370192307692307
28 0.1503846153846154 0.08124999999999999 0.04437500000000002 0.06694711538461537
29 0.21656250000000002 0.08336538461538462 0.0466346153846154 0.06509615384615385
30 0.28802884615384616 0.0903125 0.055240384615384656 0.053413461538461535
31 0.35829326923076926 0.08322115384615383 0.04353365384615388 0.06324519230769231
2 0.42057692307692307 0.08418269230769232 0.04504807692307695 0.06521634615384614
3 0.49141826923076926 0.09007211538461538 0.05637019230769228 0.05295673076923077
4 0.5634134615384615 0.09055288461538462 0.04711538461538467 0.05189903846153847
22 0.6487259615384615 0.0901923076923077 0.08550480769230781 0.05117788461538463
24 0.7416105769230769 0.08348557692307691 0.06776442307692321 0.06579326923076924
25 0.8302403846153846 0.08370192307692308 0.0699278846153847 0.06449519230769231
5 0.08971153846153847 0.19990384615384615 0.053245192307692285 0.05024038461538463
6 0.1601442307692308 0.19201923076923075 0.047860576923076915 0.06651442307692311
7 0.22610576923076925 0.19293269230769233 0.047572115384615365 0.06432692307692306
8 0.2905048076923077 0.20685096153846153 0.040144230769230745 0.068125
9 0.3482692307692308 0.1924278846153846 0.047524038461538416 0.06334134615384614
16 0.4161057692307692 0.20500000000000002 0.046947115384615455 0.0644471153846154
17 0.48247596153846156 0.1924278846153846 0.043461538461538426 0.06334134615384614
18 0.5484615384615384 0.19877403846153846 0.047235576923076866 0.05000000000000003
19 0.6198557692307692 0.1992307692307692 0.05180288461538451 0.04889423076923078
20 0.6901201923076923 0.2052403846153846 0.044110576923076975 0.06293269230769233
21 0.7720192307692308 0.19887019230769232 0.07766826923076937 0.05218750000000002
0 0.854375 0.20697115384615383 0.0440625000000001 0.0683653846153846
1 0.09634615384615385 0.3444951923076923 0.07016826923076923 0.06899038461538459
10 0.1854326923076923 0.3298317307692308 0.07240384615384617 0.0677163461538462
11 0.26877403846153847 0.3361298076923077 0.054759615384615386 0.05228365384615385
13 0.33875 0.32959134615384617 0.04649038461538456 0.06524038461538459
14 0.4053365384615385 0.33658653846153846 0.04543269230769225 0.05117788461538467
15 0.4704326923076923 0.32824519230769234 0.039423076923076866 0.06855769230769226
12 0.5449759615384615 0.34442307692307694 0.07033653846153844 0.06685096153846154
23 0.638389423076923 0.34403846153846157 0.07084134615384621 0.0681009615384615
26 0.7159375 0.3449038461538461 0.041682692307692386 0.0677884615384615
27 0.7888942307692308 0.3360336538461538 0.057355769230769266 0.08415865384615383
28 0.8756971153846155 0.3161298076923077 0.05867788461538454 0.09040865384615387
29 0.09413461538461537 0.4673076923076923 0.06206730769230768 0.08627403846153843
30 0.1897596153846154 0.47588942307692306 0.0730048076923077 0.06939903846153847
31 0.28358173076923077 0.4675480769230769 0.05634615384615384 0.08473557692307693
2 0.36865384615384617 0.46747596153846155 0.0562259615384615 0.08459134615384614
3 0.46221153846153845 0.4758413461538461 0.0734134615384616 0.06725961538461543
0 0.5555048076923077 0.48670673076923077 0.057355769230769266 0.09100961538461541
21 0.6647355769230768 0.47610576923076925 0.10151442307692313 0.06579326923076924
22 0.7986778846153846 0.47699519230769233 0.11098557692307683 0.06757211538461541
5 0.9153605769230769 0.476875 0.07124999999999997 0.06733173076923074
6 0.09656250000000001 0.6147836538461539 0.06290865384615385 0.08872596153846146
1 0.19603365384615384 0.635673076923077 0.08790865384615383 0.0901682692307692
12 0.3148798076923077 0.6342788461538462 0.09487980769230776 0.09168269230769227
23 0.4366105769230769 0.6347836538461539 0.09199519230769226 0.09069711538461543
26 0.5406971153846154 0.6358653846153846 0.0557451923076923 0.089014423076923
4 0.627139423076923 0.6251201923076923 0.060360576923076954 0.06735576923076919
11 0.7225240384615385 0.6245913461538461 0.07286057692307679 0.06826923076923072
13 0.8173798076923077 0.6156009615384614 0.056249999999999946 0.08435096153846161
14 0.9050480769230769 0.6247115384615385 0.06225961538461533 0.06651442307692298
15 0.09036057692307693 0.7630769230769231 0.052500000000000005 0.08884615384615394
16 0.1746875 0.7800480769230769 0.05891826923076921 0.08274038461538452
17 0.26377403846153846 0.7639903846153846 0.054807692307692335 0.08468750000000004
18 0.35091346153846154 0.7718990384615385 0.06079326923076928 0.06641826923076923
19 0.44574519230769233 0.7730769230769231 0.06817307692307696 0.06680288461538453
20 0.5397355769230769 0.7813942307692308 0.0598076923076923 0.08341346153846164
7 0.6297115384615384 0.7637019230769231 0.061514423076923154 0.0840865384615385
8 0.7143990384615384 0.7842067307692309 0.048581730769230856 0.08906249999999989
9 0.7931009615384615 0.7642067307692308 0.059735576923076975 0.0850961538461538
10 0.8983894230769232 0.7623798076923076 0.09204326923076914 0.08745192307692307
24 0.10560096153846153 0.9101682692307692 0.08298076923076922 0.08454326923076913
25 0.223125 0.9107932692307692 0.0896875 0.08379807692307696