0 0.10829326923076922 0.2016826923076923 0.08572115384615384 0.13762019230769232
27 0.2011778846153846 0.19889423076923077 0.08451923076923076 0.12670673076923078
28 0.2898076923076923 0.16814903846153847 0.08550480769230767 0.13463942307692306
29 0.37959134615384615 0.1728846153846154 0.08875000000000004 0.12543269230769233
30 0.4843028846153846 0.18699519230769232 0.1085817307692308 0.1001923076923077
3 0.5949759615384616 0.18661057692307692 0.10286057692307683 0.09947115384615383
4 0.6970673076923077 0.1868028846153846 0.08802884615384617 0.10252403846153847
5 0.7971394230769231 0.18776442307692306 0.10125 0.0964182692307692
6 0.8998076923076923 0.1710576923076923 0.09021634615384609 0.12978365384615387
31 0.1060576923076923 0.39463942307692307 0.08389423076923075 0.12555288461538466
2 0.19329326923076923 0.39384615384615385 0.07944711538461541 0.12665865384615385
7 0.28396634615384614 0.39466346153846155 0.09252403846153848 0.12560096153846154
1 0.39795673076923077 0.4216826923076923 0.12817307692307692 0.13692307692307687
12 0.5371394230769231 0.421875 0.1394711538461538 0.13901442307692305
23 0.6783413461538461 0.4216826923076923 0.14139423076923088 0.13423076923076918
26 0.7943749999999999 0.42365384615384616 0.07968749999999994 0.13283653846153845
8 0.8754567307692308 0.4227644230769231 0.0708894230769231 0.1310336538461538
9 0.1101923076923077 0.6168750000000001 0.0895192307692308 0.12663461538461526
21 0.23278846153846156 0.6289663461538461 0.15040865384615382 0.09834134615384607
22 0.39223557692307687 0.6292788461538461 0.1594951923076922 0.09800480769230765
24 0.5389423076923077 0.6159855769230769 0.12612980769230775 0.1275480769230768
10 0.6749038461538461 0.6142067307692307 0.13718750000000013 0.1293509615384614
11 0.8003846153846154 0.6282692307692308 0.10237980769230777 0.0959855769230768
13 0.9021153846153845 0.6151201923076923 0.08413461538461539 0.1231490384615385
14 0.10944711538461539 0.8512740384615385 0.09067307692307693 0.09862980769230763
15 0.19896634615384615 0.8366346153846155 0.07742788461538463 0.13045673076923073
16 0.2860096153846154 0.8634134615384615 0.09125000000000003 0.12290865384615383
17 0.37843750000000004 0.8388461538461538 0.0811298076923077 0.12451923076923066
18 0.46807692307692306 0.8503125 0.09213942307692304 0.09939903846153851
19 0.5710096153846153 0.8509855769230769 0.10302884615384619 0.0981009615384614
20 0.6710096153846153 0.8633173076923076 0.08665865384615373 0.12540865384615374
25 0.7889663461538461 0.8374278846153846 0.13826923076923073 0.12704326923076928