28 0.09954326923076923 0.07408653846153847 0.04283653846153845 0.0676201923076923
29 0.1695673076923077 0.076875 0.04348557692307693 0.06600961538461539
30 0.24490384615384614 0.08338942307692307 0.057115384615384596 0.0525721153846154
31 0.31824519230769227 0.07704326923076922 0.04274038461538455 0.06396634615384615
2 0.3860817307692308 0.07653846153846154 0.038990384615384684 0.06533653846153846
3 0.459375 0.08413461538461539 0.05343750000000004 0.051682692307692304
4 0.5336778846153846 0.0821153846153846 0.045697115384615364 0.05245192307692306
5 0.6082692307692308 0.08278846153846153 0.05064903846153845 0.05141826923076923
6 0.6837019230769231 0.07576923076923076 0.04769230769230777 0.06617788461538462
0 0.7542307692307693 0.09055288461538462 0.04211538461538457 0.06930288461538461
1 0.8340384615384615 0.09125 0.060216346153846044 0.06831730769230769
12 0.9223317307692308 0.09151442307692308 0.06341346153846153 0.07122596153846153
23 0.11064903846153847 0.20336538461538461 0.06504807692307693 0.0686057692307692
26 0.18990384615384615 0.20336538461538461 0.04084134615384617 0.06899038461538459
27 0.2567067307692308 0.20177884615384614 0.042259615384615416 0.06579326923076924
7 0.3264182692307692 0.18875 0.0446634615384615 0.06617788461538462
8 0.3938942307692308 0.20314903846153848 0.037788461538461604 0.06855769230769233
13 0.4560096153846154 0.18942307692307692 0.04180288461538458 0.06514423076923076
14 0.5248798076923077 0.19490384615384615 0.04492788461538461 0.052067307692307684
22 0.6135336538461538 0.1963221153846154 0.08043269230769226 0.05252403846153845
24 0.7077884615384615 0.18769230769230769 0.062187500000000014 0.06651442307692304
15 0.783389423076923 0.18701923076923077 0.037932692307692244 0.06512019230769231
16 0.8514903846153847 0.20108173076923078 0.044302884615384494 0.0644471153846154
17 0.9205769230769231 0.18906250000000002 0.04064903846153838 0.06442307692307694
18 0.10165865384615384 0.33278846153846153 0.044663461538461534 0.05137019230769232
19 0.17521634615384615 0.33281249999999996 0.04997596153846152 0.05146634615384622
20 0.24745192307692307 0.3393269230769231 0.04298076923076922 0.06447115384615383
21 0.3322836538461538 0.33249999999999996 0.07324519230769223 0.05081730769230766
25 0.4285336538461539 0.3265865384615385 0.06620192307692313 0.06543269230769237
9 0.5084375 0.32603365384615385 0.0457211538461538 0.0643509615384615
10 0.5911057692307693 0.3253125 0.0668269230769231 0.06526442307692303
11 0.6777163461538461 0.3333894230769231 0.052548076923076954 0.0525721153846154
23 0.7738942307692308 0.33670673076923074 0.08625 0.0904807692307692
0 0.880576923076923 0.33495192307692306 0.054423076923076893 0.08937500000000001
29 0.10800480769230769 0.46576923076923077 0.0573798076923077 0.08658653846153842
30 0.21026442307692308 0.47591346153846154 0.07197115384615384 0.06841346153846149
31 0.3075480769230769 0.4659615384615385 0.0525721153846154 0.0845673076923077
2 0.39661057692307694 0.4655528846153846 0.05286057692307695 0.08617788461538467
3 0.49574519230769226 0.47341346153846153 0.0707932692307692 0.06822115384615383
4 0.5947115384615385 0.47545673076923073 0.05961538461538464 0.06749999999999996
5 0.6938942307692308 0.4746153846153846 0.06569711538461548 0.06581730769230767
6 0.7939903846153846 0.4639423076923077 0.05913461538461544 0.08771634615384617
7 0.8907692307692308 0.46572115384615387 0.05800480769230768 0.08411057692307694
8 0.10415865384615385 0.6342548076923078 0.04963942307692309 0.09182692307692318
9 0.1875 0.6152884615384615 0.057692307692307696 0.0851442307692308
10 0.29697115384615386 0.6136538461538461 0.08915865384615386 0.08670673076923076
11 0.41197115384615385 0.6234134615384614 0.0691586538461538 0.06536057692307705
13 0.5101923076923077 0.6138701923076924 0.05401442307692314 0.08468750000000004
24 0.6139182692307692 0.6147115384615385 0.08358173076923073 0.0839903846153846
25 0.7349038461538462 0.615 0.08757211538461526 0.08697115384615386
1 0.8524999999999999 0.6348317307692307 0.08002403846153837 0.09300480769230755
18 0.11052884615384614 0.770673076923077 0.0623798076923077 0.06896634615384628
19 0.20884615384615385 0.770576923076923 0.06435096153846157 0.06639423076923077
20 0.3038942307692308 0.7797596153846154 0.054903846153846164 0.08473557692307693
21 0.41697115384615385 0.77125 0.09834134615384621 0.0677403846153845
22 0.5546875 0.7705048076923077 0.1045673076923077 0.06862980769230759
12 0.6828365384615385 0.7824759615384616 0.08687499999999997 0.0925961538461538
26 0.786201923076923 0.7810576923076924 0.05074519230769234 0.0897836538461539
27 0.8751442307692308 0.7782451923076923 0.05319711538461537 0.08411057692307694
28 0.10836538461538461 0.9082692307692307 0.055673076923076915 0.09177884615384603
14 0.2002403846153846 0.9194471153846154 0.06019230769230767 0.0684615384615385
15 0.28944711538461537 0.9106490384615384 0.050048076923076903 0.08694711538461529
16 0.37985576923076925 0.927860576923077 0.05778846153846159 0.08290865384615387
17 0.47259615384615383 0.9115865384615385 0.05338942307692303 0.08401442307692318