0 0.12259615384615384 0.17283653846153849 0.07959134615384619 0.13600961538461534
31 0.21026442307692308 0.14283653846153846 0.07865384615384616 0.12406249999999996
2 0.2960817307692308 0.14194711538461538 0.07670673076923076 0.12497596153846156
3 0.3941346153846154 0.15490384615384614 0.10451923076923081 0.10014423076923076
4 0.49627403846153845 0.15598557692307694 0.08711538461538464 0.10230769230769231
5 0.5955528846153846 0.15564903846153846 0.09603365384615395 0.09629807692307693
6 0.6966586538461539 0.14084134615384616 0.09254807692307693 0.13076923076923078
7 0.7909855769230769 0.14254807692307692 0.08627403846153843 0.12617788461538465
8 0.8767067307692307 0.17139423076923077 0.07192307692307683 0.133125
9 0.12480769230769231 0.3672596153846154 0.08670673076923076 0.12781250000000005
10 0.2390625 0.36447115384615386 0.1308894230769231 0.12665865384615385
26 0.3515384615384616 0.39447115384615383 0.07540865384615386 0.13324519230769233
27 0.43689903846153844 0.3929086538461538 0.08052884615384616 0.1274278846153846
28 0.5265625 0.36180288461538457 0.08088942307692303 0.13468749999999993
29 0.6157211538461538 0.3666346153846154 0.0829326923076923 0.125625
1 0.7246394230769231 0.3958894230769231 0.11915865384615397 0.1360817307692308
12 0.8542788461538462 0.39644230769230765 0.12733173076923082 0.1371875
14 0.12504807692307693 0.6028365384615384 0.08718749999999999 0.10122596153846157
15 0.21108173076923079 0.5878125 0.07096153846153849 0.12995192307692308
16 0.29658653846153843 0.6158173076923077 0.08569711538461533 0.12449519230769222
17 0.3858894230769231 0.5897115384615385 0.0773317307692308 0.12574519230769246
23 0.4961778846153846 0.6203846153846153 0.1269471153846154 0.13125000000000006
30 0.620264423076923 0.6024278846153847 0.10538461538461547 0.1004086538461538
11 0.7309375 0.6034134615384616 0.10235576923076933 0.09706730769230767
13 0.8294711538461539 0.590528846153846 0.08040865384615395 0.1246875
18 0.9201201923076923 0.6029567307692308 0.08812499999999993 0.10149038461538454
19 0.13004807692307693 0.8248317307692308 0.09447115384615384 0.09915865384615384
20 0.22514423076923076 0.8377163461538462 0.08168269230769229 0.12495192307692313
21 0.3462980769230769 0.8249519230769231 0.1424038461538462 0.09961538461538447
22 0.5031971153846154 0.8263221153846154 0.1517067307692308 0.09947115384615383
24 0.6429807692307693 0.8132451923076923 0.11877403846153839 0.12675480769230774
25 0.7739903846153846 0.8114903846153846 0.12968750000000012 0.12591346153846153