28 0.08841346153846154 0.06769230769230769 0.04350961538461537 0.06875
29 0.1563701923076923 0.07067307692307692 0.043966346153846134 0.06377403846153847
30 0.23298076923076924 0.07661057692307693 0.055144230769230765 0.05161057692307692
31 0.3072836538461538 0.06959134615384616 0.039807692307692315 0.06596153846153847
2 0.3729807692307692 0.0703125 0.040096153846153865 0.06302884615384616
12 0.45526442307692305 0.0853125 0.06701923076923076 0.0712019230769231
23 0.5445432692307692 0.08430288461538461 0.06420673076923072 0.06915865384615384
26 0.6236298076923077 0.08478365384615386 0.04098557692307681 0.06798076923076923
27 0.6911057692307693 0.08225961538461538 0.04259615384615391 0.06507211538461537
6 0.7634375 0.0689903846153846 0.04524038461538474 0.06697115384615385
7 0.833701923076923 0.06966346153846154 0.04591346153846159 0.0639423076923077
8 0.08497596153846154 0.1970673076923077 0.03663461538461537 0.06961538461538463
9 0.14740384615384616 0.18317307692307694 0.0456971153846154 0.06586538461538463
10 0.22973557692307692 0.1814423076923077 0.06826923076923078 0.06459134615384617
11 0.31810096153846157 0.18903846153846154 0.05271634615384617 0.05139423076923076
13 0.39 0.18298076923076925 0.04137019230769226 0.0655048076923077
14 0.46108173076923076 0.18927884615384613 0.045841346153846135 0.05187500000000003
15 0.5287259615384615 0.18173076923076922 0.03911057692307688 0.0695192307692308
16 0.5950721153846155 0.19528846153846152 0.04504807692307695 0.0638942307692308
17 0.6657211538461538 0.18283653846153847 0.03992788461538465 0.06521634615384614
18 0.7343990384615384 0.18911057692307692 0.045649038461538484 0.051514423076923097
19 0.8099278846153847 0.1901201923076923 0.0486057692307693 0.05132211538461537
3 0.888798076923077 0.1894471153846154 0.05338942307692317 0.05218750000000002
22 0.10533653846153847 0.328125 0.07954326923076924 0.05050480769230767
24 0.20180288461538462 0.32247596153846153 0.06317307692307693 0.06475961538461537
4 0.28084134615384615 0.32865384615384613 0.04596153846153847 0.053076923076923035
5 0.3553846153846154 0.32865384615384613 0.05081730769230766 0.05091346153846155
0 0.4286298076923077 0.33581730769230766 0.04213942307692301 0.06737980769230763
1 0.5073317307692308 0.33704326923076927 0.061850961538461584 0.06896634615384614
20 0.5856971153846154 0.3351201923076923 0.04374999999999997 0.06600961538461533
21 0.6703365384615385 0.32826923076923076 0.07536057692307697 0.05228365384615385
25 0.7680288461538461 0.32209134615384616 0.06533653846153833 0.06617788461538456
4 0.8574278846153847 0.31966346153846154 0.05838942307692299 0.0678846153846154
5 0.10076923076923078 0.4711298076923077 0.06822115384615383 0.0670432692307692
6 0.20060096153846155 0.46076923076923076 0.060312500000000005 0.08783653846153851
7 0.29725961538461537 0.46204326923076927 0.05911057692307686 0.08600961538461546
8 0.3861057692307692 0.48146634615384615 0.04668269230769235 0.0899038461538461
9 0.47036057692307687 0.46228365384615383 0.057860576923076903 0.0865144230769231
10 0.5792307692307692 0.46040865384615387 0.08798076923076928 0.08507211538461536
11 0.6959134615384616 0.46951923076923074 0.06968750000000003 0.06807692307692306
13 0.7950240384615385 0.46079326923076924 0.05343750000000004 0.0830288461538462
14 0.8879086538461538 0.4706971153846154 0.05798076923076924 0.0695192307692308
1 0.10800480769230769 0.6326201923076924 0.08103365384615382 0.09384615384615376
12 0.22802884615384617 0.6327163461538461 0.0883894230769231 0.09216346153846161
0 0.3331730769230769 0.6315625 0.056153846153846186 0.09170673076923072
29 0.4271153846153846 0.6116586538461538 0.05728365384615381 0.08519230769230755
30 0.5286298076923077 0.6202163461538461 0.0716826923076923 0.06901442307692317
24 0.6410096153846154 0.6112259615384615 0.08009615384615397 0.0843028846153846
25 0.7628365384615384 0.6120673076923077 0.08704326923076931 0.08598557692307687
31 0.8674038461538461 0.611875 0.05396634615384626 0.08379807692307696
2 0.09367788461538461 0.7610817307692308 0.05237980769230767 0.0881730769230768
3 0.19175480769230768 0.7696634615384615 0.07100961538461537 0.06834134615384603
16 0.29177884615384614 0.7780048076923076 0.06115384615384615 0.0850480769230769
17 0.3845192307692308 0.760673076923077 0.053461538461538484 0.08733173076923087
18 0.4781009615384615 0.7685817307692309 0.05939903846153841 0.06805288461538449
19 0.5766105769230769 0.7693509615384616 0.06593750000000001 0.06959134615384627
20 0.6740625 0.7779326923076924 0.05560096153846153 0.08675480769230777
21 0.786826923076923 0.7691586538461539 0.09622596153846147 0.06694711538461544
23 0.9157932692307693 0.7807211538461538 0.08786057692307682 0.0923317307692307
26 0.09389423076923077 0.9302644230769231 0.05283653846153847 0.09002403846153857
27 0.1838701923076923 0.9287259615384615 0.055240384615384594 0.0850961538461538
28 0.27588942307692305 0.9084615384615385 0.05805288461538463 0.09079326923076919
15 0.3638701923076923 0.9094230769230769 0.047283653846153885 0.08899038461538457
22 0.47781250000000003 0.9199278846153847 0.1031971153846154 0.06745192307692295