0 0.11603365384615386 0.18855769230769232 0.07908653846153844 0.13564903846153847
26 0.20401442307692308 0.18951923076923077 0.07584134615384618 0.13322115384615388
27 0.2916346153846154 0.18399038461538464 0.08062500000000004 0.12649038461538462
28 0.38242788461538463 0.15454326923076925 0.08086538461538459 0.13336538461538458
29 0.4720192307692308 0.15848557692307694 0.08519230769230769 0.12574519230769232
30 0.5753846153846154 0.17163461538461539 0.10401442307692303 0.10177884615384616
31 0.6758653846153847 0.15759615384615386 0.07769230769230781 0.12615384615384612
2 0.7608413461538461 0.1585576923076923 0.07721153846153847 0.1280769230769231
3 0.8591586538461539 0.17201923076923079 0.10531250000000014 0.10257211538461543
4 0.11855769230769231 0.39798076923076925 0.08634615384615385 0.1021394230769231
5 0.21930288461538464 0.3990625 0.09771634615384617 0.0977163461538461
6 0.3214663461538461 0.3833894230769231 0.09223557692307693 0.13194711538461534
7 0.4165384615384615 0.3845432692307692 0.0878846153846154 0.12769230769230772
8 0.5031009615384615 0.41444711538461537 0.0708894230769231 0.13286057692307687
9 0.5796634615384615 0.3845673076923077 0.08413461538461539 0.127764423076923
10 0.6961298076923076 0.3830528846153846 0.13132211538461538 0.12689903846153852
24 0.8314182692307692 0.3842067307692308 0.11778846153846154 0.12262019230769229
25 0.1414903846153846 0.6094951923076923 0.13000000000000003 0.12656249999999994
1 0.26999999999999996 0.638389423076923 0.12033653846153847 0.13713942307692298
12 0.4009615384615385 0.6374278846153847 0.128076923076923 0.13740384615384607
23 0.5359375 0.6383653846153846 0.13002403846153854 0.13490384615384615
11 0.6587740384615385 0.6196875000000001 0.10468749999999989 0.0997115384615385
13 0.7578846153846153 0.6077884615384617 0.07999999999999993 0.12622596153846152
18 0.849951923076923 0.6212740384615384 0.089326923076923 0.1007211538461538
19 0.12365384615384614 0.8459615384615385 0.0965144230769231 0.0999038461538463
20 0.2213701923076923 0.8600480769230768 0.08216346153846156 0.12591346153846153
21 0.34216346153846156 0.8472836538461539 0.14456730769230766 0.09954326923076916
22 0.49983173076923076 0.8469471153846153 0.15733173076923074 0.09968750000000007
14 0.6262740384615384 0.8473317307692307 0.09019230769230765 0.10264423076923088
15 0.7131971153846154 0.8315384615384616 0.0714663461538462 0.13225961538461534
16 0.799639423076923 0.8594711538461539 0.08485576923076912 0.12475961538461533
17 0.8895432692307692 0.8340144230769231 0.07891826923076933 0.12629807692307685