0 0.11627403846153846 0.09072115384615385 0.042067307692307696 0.06584134615384615
26 0.1818028846153846 0.09084134615384615 0.03814903846153847 0.06610576923076923
27 0.2460817307692308 0.0889423076923077 0.04098557692307695 0.062331730769230785
28 0.3111057692307692 0.075 0.04158653846153849 0.06540865384615385
29 0.3776923076923077 0.07605769230769231 0.04264423076923079 0.062427884615384614
30 0.4502644230769231 0.08326923076923078 0.053605769230769255 0.0509375
1 0.5310817307692308 0.09149038461538463 0.0633894230769231 0.06882211538461537
12 0.6181249999999999 0.09165865384615385 0.06651442307692298 0.06959134615384616
23 0.7082932692307692 0.09139423076923078 0.06675480769230765 0.06903846153846153
31 0.784375 0.07641826923076923 0.041394230769230836 0.06314903846153845
2 0.8488461538461538 0.07694711538461538 0.039038461538461564 0.0623798076923077
3 0.12177884615384614 0.19240384615384618 0.053124999999999985 0.0517548076923077
4 0.19274038461538462 0.19189903846153847 0.043461538461538426 0.05189903846153847
5 0.2636778846153846 0.19216346153846153 0.05026442307692307 0.04870192307692305
6 0.33533653846153844 0.18507211538461538 0.04552884615384615 0.0641105769230769
7 0.4038942307692308 0.18634615384615383 0.0440865384615384 0.0629807692307692
14 0.47271634615384617 0.19262019230769228 0.04492788461538461 0.05149038461538465
15 0.5354567307692307 0.18483173076923076 0.03728365384615383 0.06365384615384613
22 0.6167788461538461 0.19262019230769228 0.0778605769230769 0.05096153846153843
24 0.7093990384615385 0.1856971153846154 0.06225961538461533 0.06353365384615386
25 0.7976682692307692 0.18588942307692308 0.06610576923076923 0.06206730769230768
16 0.8760817307692308 0.19846153846153847 0.04355769230769232 0.06314903846153849
17 0.11564903846153846 0.32002403846153843 0.038990384615384614 0.062187500000000014
18 0.18110576923076924 0.32685096153846155 0.044158653846153854 0.04995192307692315
19 0.2539423076923077 0.32661057692307693 0.04927884615384615 0.04949519230769225
8 0.3206490384615384 0.33485576923076926 0.03665865384615385 0.0641346153846154
9 0.3791346153846154 0.32125 0.044495192307692284 0.06278846153846154
10 0.4589903846153846 0.32043269230769234 0.0674038461538462 0.06302884615384621
11 0.5424038461538461 0.32685096153846155 0.05117788461538467 0.048149038461538535
13 0.6125480769230769 0.3202403846153846 0.04165865384615394 0.06262019230769234
20 0.6789423076923077 0.3329326923076923 0.041346153846153956 0.062139423076923134
21 0.7613942307692307 0.32713942307692306 0.07122596153846153 0.05055288461538469
28 0.8494711538461538 0.30781250000000004 0.055096153846153746 0.08769230769230774
29 0.12526442307692306 0.45463942307692307 0.05634615384615384 0.08182692307692313
30 0.22175480769230768 0.4626682692307692 0.06841346153846156 0.06644230769230766
31 0.31593750000000004 0.45471153846153844 0.053125000000000054 0.0819711538461539
2 0.40165865384615385 0.4546875 0.052548076923076954 0.0837259615384615
3 0.4946634615384615 0.4626682692307692 0.06903846153846147 0.06824519230769227
4 0.5903846153846153 0.4631971153846154 0.05463942307692312 0.06562500000000003
5 0.6845673076923077 0.46300480769230773 0.06552884615384613 0.0633894230769231
0 0.7774038461538461 0.4737740384615385 0.05334134615384629 0.08680288461538464
23 0.8831730769230769 0.4739903846153846 0.08552884615384625 0.08906250000000003
26 0.12290865384615385 0.6204807692307692 0.05165865384615383 0.08617788461538467
27 0.208125 0.6165384615384616 0.05569711538461535 0.08199519230769234
6 0.2989182692307692 0.5991586538461539 0.05788461538461535 0.08608173076923063
7 0.3880528846153846 0.6009375 0.056778846153846166 0.08223557692307701
1 0.49189903846153843 0.6210096153846153 0.08317307692307697 0.0890865384615386
11 0.5975961538461537 0.6093028846153846 0.06939903846153847 0.06569711538461534
13 0.6929326923076923 0.5995192307692307 0.052644230769230714 0.08307692307692308
14 0.7818509615384616 0.6096394230769231 0.056682692307692406 0.06632211538461547
15 0.868173076923077 0.5987259615384615 0.048100961538461516 0.08521634615384627
16 0.12560096153846154 0.7626923076923077 0.055192307692307714 0.08031249999999993
17 0.2134375 0.7460336538461539 0.051514423076923097 0.08211538461538453
18 0.30206730769230766 0.7548557692307691 0.05862980769230766 0.06463942307692304
19 0.39783653846153844 0.7544711538461539 0.06526442307692303 0.06569711538461548
20 0.49038461538461536 0.7629326923076923 0.054230769230769235 0.08264423076923076
21 0.5985096153846153 0.7543509615384616 0.09612980769230771 0.06516826923076927
9 0.7077163461538463 0.7457932692307693 0.05632211538461526 0.08348557692307697
10 0.8140624999999999 0.7451923076923077 0.0859375 0.08225961538461544
24 0.13605769230769232 0.8911057692307692 0.07795673076923075 0.08194711538461547
22 0.26127403846153846 0.9002884615384615 0.10500000000000001 0.06663461538461544
12 0.38677884615384617 0.9113221153846154 0.08786057692307694 0.09096153846153854
8 0.4852644230769231 0.9115144230769231 0.045985576923076914 0.08764423076923086
25 0.5800961538461539 0.8919230769230769 0.08725961538461527 0.08358173076923073