0 0.12896634615384614 0.19259615384615386 0.08091346153846153 0.13170673076923076
28 0.21747596153846155 0.16105769230769232 0.08091346153846153 0.12978365384615387
29 0.30564903846153846 0.16485576923076922 0.08463942307692303 0.12211538461538457
30 0.4064903846153846 0.17754807692307692 0.10218749999999997 0.09723557692307697
31 0.5032692307692308 0.16449519230769233 0.07995192307692306 0.12358173076923076
5 0.5986057692307694 0.17853365384615383 0.0979807692307692 0.0948076923076923
6 0.698076923076923 0.16365384615384615 0.089326923076923 0.12846153846153846
7 0.7897115384615384 0.16442307692307695 0.08569711538461533 0.12343749999999999
8 0.12396634615384614 0.41033653846153845 0.06872596153846154 0.13009615384615386
2 0.19581730769230768 0.38129807692307693 0.07694711538461536 0.12449519230769236
3 0.29201923076923075 0.39384615384615385 0.10108173076923073 0.09711538461538456
4 0.39016826923076925 0.39584134615384614 0.08540865384615379 0.0975
9 0.48228365384615385 0.3816826923076923 0.08389423076923072 0.12088942307692313
1 0.5908413461538461 0.4101682692307692 0.12064903846153846 0.1319711538461538
12 0.720985576923077 0.4110576923076923 0.12860576923076922 0.1315384615384616
23 0.8548798076923076 0.41108173076923077 0.12978365384615387 0.13379807692307685
26 0.12718749999999998 0.6294230769230769 0.07735576923076924 0.1312019230769232
27 0.2126923076923077 0.6252163461538461 0.08012019230769234 0.12064903846153832
21 0.3306971153846154 0.6126923076923076 0.14348557692307692 0.0958653846153846
22 0.48548076923076927 0.6134855769230769 0.15584134615384612 0.09716346153846157
24 0.6260576923076923 0.6000961538461538 0.12014423076923081 0.12502403846153845
10 0.7569711538461538 0.5983173076923077 0.13062500000000007 0.12365384615384614
11 0.8802163461538461 0.6125480769230769 0.1017548076923078 0.09526442307692307
13 0.12800480769230768 0.8166346153846155 0.07899038461538464 0.12319711538461539
14 0.21795673076923078 0.8299278846153846 0.08625 0.09735576923076923
15 0.30338942307692307 0.8151682692307692 0.07257211538461537 0.12608173076923088
16 0.3881490384615385 0.8423076923076922 0.08574519230769234 0.1221153846153845
17 0.4777884615384615 0.8171394230769231 0.0770673076923077 0.12204326923076919
18 0.566514423076923 0.8294951923076923 0.0884615384615385 0.09653846153846146
19 0.6656249999999999 0.8285817307692308 0.09872596153846167 0.09685096153846146
20 0.7606009615384616 0.8419711538461538 0.08105769230769237 0.12362980769230757
25 0.8739903846153846 0.8164182692307692 0.13086538461538447 0.12278846153846164