31 0.046009615384615385 0.1297596153846154 0.03889423076923077 0.05711538461538463
2 0.10384615384615385 0.12935096153846154 0.03814903846153847 0.05627403846153845
3 0.1675 0.13471153846153844 0.05026442307692307 0.04927884615384615
4 0.23182692307692307 0.13492788461538463 0.04108173076923078 0.047187499999999986
5 0.2948076923076923 0.13576923076923078 0.04812500000000002 0.04634615384615385
6 0.35908653846153843 0.12853365384615384 0.0425480769230769 0.05968749999999996
7 0.41973557692307695 0.1303125 0.04240384615384612 0.05723557692307693
8 0.4774038461538461 0.14278846153846153 0.03375000000000005 0.0603846153846154
9 0.5300480769230769 0.13024038461538462 0.04288461538461533 0.058052884615384596
12 0.6005048076923077 0.14266826923076922 0.057307692307692386 0.05899038461538463
22 0.6818509615384615 0.13536057692307693 0.07067307692307687 0.048052884615384636
10 0.7660817307692308 0.12983173076923077 0.062043269230769096 0.05975961538461538
11 0.8404567307692308 0.1342548076923077 0.04884615384615397 0.04586538461538461
23 0.9132932692307693 0.1428846153846154 0.05783653846153833 0.0595673076923077
26 0.04644230769230769 0.23858173076923078 0.0371875 0.05963942307692308
27 0.10526442307692307 0.23603365384615385 0.038461538461538464 0.057067307692307716
28 0.1638942307692308 0.22314903846153847 0.0393028846153846 0.0616826923076923
29 0.22230769230769232 0.22550480769230768 0.039759615384615365 0.05627403846153845
24 0.2902163461538461 0.22516826923076924 0.05663461538461539 0.05560096153846153
25 0.3675 0.22596153846153846 0.05937499999999997 0.054663461538461564
30 0.439375 0.23110576923076923 0.04879807692307695 0.0472115384615385
15 0.5018509615384615 0.22411057692307693 0.03459134615384612 0.05855769230769227
16 0.5590384615384616 0.23548076923076922 0.040144230769230745 0.05343749999999998
17 0.6186538461538462 0.22620192307692305 0.037884615384615364 0.05512019230769232
18 0.6775240384615385 0.2303125 0.04180288461538458 0.04562499999999998
19 0.7414423076923077 0.23076923076923078 0.04312500000000013 0.044735576923076954
20 0.8037740384615385 0.23692307692307693 0.038701923076923134 0.05634615384615384
21 0.8751442307692308 0.23057692307692307 0.06509615384615394 0.046177884615384635
13 0.9479807692307692 0.22629807692307694 0.038653846153846254 0.055336538461538486
14 0.04896634615384616 0.33134615384615385 0.04228365384615384 0.04783653846153841
0 0.10872596153846154 0.3379807692307692 0.040336538461538465 0.06108173076923083
1 0.17514423076923077 0.3373317307692308 0.054230769230769235 0.059783653846153854
0 0.24485576923076924 0.3375 0.04435096153846151 0.0651923076923077
5 0.3115625 0.32908653846153846 0.04889423076923071 0.04836538461538463
6 0.38132211538461536 0.3227884615384615 0.046562500000000014 0.06358173076923074
7 0.44959134615384616 0.32377403846153846 0.04644230769230768 0.06302884615384621
8 0.5104326923076923 0.33663461538461537 0.03757211538461537 0.0634615384615384
9 0.5680048076923077 0.32293269230769234 0.045408653846153814 0.0613461538461538
10 0.6446394230769231 0.3231009615384615 0.0646153846153846 0.06168269230769237
11 0.7240624999999999 0.3289182692307693 0.053894230769230674 0.0480288461538462
13 0.7934375 0.32213942307692306 0.040817307692307736 0.062283653846153905
14 0.8569711538461539 0.3289182692307693 0.04389423076923075 0.05055288461538469
25 0.9336057692307692 0.3240144230769231 0.06560096153846146 0.06350961538461543
1 0.05935096153846155 0.4418990384615385 0.06531250000000001 0.06649038461538467
12 0.14151442307692308 0.44209134615384615 0.06538461538461539 0.06687499999999999
16 0.21540865384615385 0.4409134615384615 0.04620192307692307 0.061995192307692355
17 0.2784615384615385 0.4281490384615385 0.04324519230769233 0.061754807692307685
18 0.3428365384615385 0.4340865384615385 0.048052884615384636 0.05088942307692312
19 0.4117788461538462 0.43396634615384616 0.04927884615384615 0.05060096153846157
20 0.4777163461538461 0.4403125 0.04451923076923073 0.06081730769230772
21 0.5557451923076923 0.43406249999999996 0.07151442307692307 0.05081730769230766
22 0.6520432692307693 0.4351201923076923 0.07432692307692298 0.04997596153846159
23 0.7423317307692308 0.44064903846153847 0.06512019230769238 0.06399038461538463
26 0.8132692307692307 0.4418990384615385 0.04002403846153841 0.0666586538461539
27 0.8758894230769231 0.43980769230769234 0.041249999999999926 0.05975961538461542
28 0.939735576923077 0.4262740384615385 0.044927884615384744 0.0656009615384616
29 0.05088942307692308 0.5359615384615385 0.04355769230769232 0.062331730769230785
30 0.12185096153846153 0.5415865384615385 0.05389423076923077 0.05079326923076922
31 0.18884615384615386 0.5353365384615384 0.0411778846153846 0.06105769230769225
2 0.2505769230769231 0.5352403846153846 0.040625000000000015 0.06341346153846153
3 0.31932692307692306 0.5405288461538462 0.054134615384615344 0.0512019230769231
4 0.3879326923076923 0.542451923076923 0.04461538461538462 0.050288461538461574
15 0.4503605769230769 0.5350240384615385 0.03786057692307692 0.06331730769230763
24 0.5214903846153847 0.5358413461538462 0.0586538461538461 0.059831730769230734
2 0.5941826923076923 0.534110576923077 0.04211538461538457 0.06367788461538464
3 0.6684855769230769 0.5402884615384616 0.05661057692307681 0.055769230769230745
4 0.7426923076923077 0.5400961538461538 0.045600961538461604 0.05286057692307695
5 0.8158173076923076 0.5404326923076923 0.052692307692307594 0.05103365384615389
6 0.8900961538461538 0.5330528846153846 0.049447115384615506 0.06848557692307694
7 0.9633653846153846 0.5347355769230769 0.04668269230769221 0.0649278846153846
8 0.047019230769230765 0.6597115384615384 0.03838942307692307 0.06689903846153857
9 0.11103365384615384 0.6463461538461538 0.044951923076923084 0.06706730769230763
10 0.1922355769230769 0.6458413461538461 0.07069711538461537 0.06444711538461526
11 0.27834134615384615 0.6530528846153847 0.05564903846153847 0.053557692307692244
13 0.35302884615384617 0.6461538461538462 0.04310096153846155 0.06509615384615394
14 0.4216826923076923 0.6522355769230769 0.04882211538461539 0.05194711538461542
15 0.4896394230769231 0.6446875 0.040528846153846186 0.06721153846153854
22 0.5732692307692308 0.6525961538461539 0.0787019230769231 0.05266826923076916
24 0.6678846153846153 0.6467307692307693 0.06300480769230778 0.06622596153846143
25 0.7585576923076923 0.6467548076923078 0.0697355769230769 0.06343749999999997
0 0.836923076923077 0.6601923076923076 0.04427884615384606 0.06786057692307697
1 0.9149519230769231 0.6601682692307692 0.061177884615384724 0.06781250000000008
16 0.053245192307692306 0.7681250000000001 0.04829326923076924 0.06610576923076923
17 0.12120192307692308 0.7555528846153846 0.04252403846153845 0.06374999999999996
18 0.18992788461538462 0.7626682692307691 0.048389423076923066 0.05100961538461545
19 0.2644230769230769 0.76125 0.05060096153846157 0.05233173076923073
20 0.33718750000000003 0.7685817307692309 0.04430288461538463 0.06699519230769233
21 0.4204326923076923 0.7615144230769231 0.07668269230769226 0.05290865384615383
12 0.5165384615384615 0.771298076923077 0.06649038461538467 0.06764423076923073
23 0.6063461538461539 0.7700961538461539 0.06641826923076923 0.06951923076923067
26 0.6833653846153845 0.7697115384615384 0.040817307692307736 0.06930288461538471
27 0.7503124999999999 0.7675721153846153 0.04314903846153857 0.06502403846153836
28 0.8194230769230769 0.7535336538461539 0.044735576923076954 0.0687740384615385
29 0.8888942307692307 0.756826923076923 0.04701923076923064 0.06374999999999996
30 0.05584134615384616 0.8736538461538461 0.058533653846153846 0.05449519230769221
31 0.1296875 0.8674038461538461 0.04430288461538463 0.0647355769230768