26 0.06790865384615384 0.13762019230769232 0.08771634615384617 0.15163461538461534
27 0.16415865384615386 0.13360576923076922 0.09134615384615384 0.14036057692307696
28 0.26235576923076925 0.09978365384615384 0.09548076923076923 0.14802884615384615
29 0.3616586538461538 0.10514423076923077 0.09485576923076919 0.13817307692307693
30 0.4755048076923077 0.11939903846153846 0.11653846153846158 0.11516826923076923
31 0.5853605769230769 0.10581730769230768 0.089014423076923 0.14295673076923077
2 0.6797836538461539 0.10656249999999999 0.0877884615384615 0.14100961538461537
3 0.7861057692307691 0.12153846153846154 0.11819711538461529 0.11423076923076926
4 0.8982932692307692 0.1201201923076923 0.09730769230769235 0.11307692307692306
5 0.07793269230769231 0.36610576923076926 0.11463942307692307 0.11406249999999997
6 0.19274038461538462 0.3476682692307692 0.10387019230769233 0.15276442307692312
7 0.29677884615384614 0.35031249999999997 0.09903846153846158 0.14430288461538468
0 0.3970432692307692 0.384375 0.0915384615384615 0.153485576923077
1 0.517764423076923 0.3833173076923077 0.13581730769230768 0.14848557692307687
12 0.6625240384615385 0.38384615384615384 0.14028846153846158 0.14956730769230775
16 0.78125 0.3795192307692308 0.09451923076923088 0.14334134615384614
17 0.8820673076923077 0.35139423076923076 0.09173076923076916 0.14302884615384615
18 0.07242788461538462 0.6128365384615384 0.10365384615384615 0.11646634615384627
19 0.18548076923076923 0.6117307692307692 0.10997596153846154 0.11425480769230777
20 0.28935096153846157 0.625 0.0910576923076923 0.1442067307692308
21 0.42283653846153846 0.6120913461538462 0.16230769230769226 0.11497596153846164
23 0.5816346153846155 0.6302163461538461 0.1433653846153846 0.1546394230769232
8 0.6961778846153847 0.630048076923077 0.07860576923076934 0.1456250000000001
9 0.780625 0.5994711538461538 0.09836538461538452 0.1446634615384614
10 0.9095913461538461 0.5964663461538462 0.1502163461538462 0.14552884615384606
22 0.11 0.8576682692307693 0.17536057692307694 0.11504807692307696
24 0.26692307692307693 0.8434134615384615 0.13550480769230772 0.1414663461538462
25 0.4126682692307692 0.8441346153846154 0.14882211538461546 0.14295673076923082
11 0.5457451923076924 0.8569711538461539 0.1162259615384616 0.11367788461538453
13 0.6533653846153846 0.8443269230769231 0.09449519230769245 0.14331730769230772
14 0.7546153846153847 0.8587259615384616 0.10127403846153846 0.11399038461538452
15 0.8492307692307691 0.8418990384615385 0.08310096153846167 0.15064903846153838