28 0.0803125 0.04697115384615384 0.04903846153846155 0.07504807692307693
29 0.1563701923076923 0.04911057692307692 0.05002403846153847 0.07076923076923076
30 0.24141826923076926 0.0565625 0.06216346153846157 0.0581971153846154
31 0.32213942307692306 0.04858173076923077 0.04673076923076923 0.07139423076923078
2 0.39701923076923074 0.048990384615384616 0.04543269230769225 0.07052884615384615
12 0.484375 0.06490384615384616 0.0741586538461539 0.07661057692307693
23 0.5838221153846154 0.06528846153846153 0.07387019230769235 0.07564903846153846
26 0.6700721153846154 0.0651201923076923 0.045504807692307574 0.07531249999999999
27 0.7438942307692307 0.06278846153846154 0.04721153846153843 0.07062500000000001
3 0.8276201923076923 0.0553125 0.060120192307692284 0.05737980769230769
4 0.9106009615384616 0.05658653846153846 0.049639423076923025 0.05824519230769232
5 0.0844951923076923 0.1776923076923077 0.055432692307692315 0.05663461538461539
0 0.16495192307692308 0.18709134615384615 0.046610576923076893 0.07540865384615386
1 0.2522596153846154 0.1876201923076923 0.06903846153846153 0.0764903846153846
6 0.3406730769230769 0.16959134615384613 0.054567307692307665 0.07473557692307693
7 0.42091346153846154 0.17137019230769232 0.0519951923076923 0.0714423076923077
8 0.4961778846153846 0.18610576923076924 0.04283653846153845 0.07514423076923074
9 0.5649759615384615 0.1715625 0.04995192307692315 0.0718509615384615
10 0.6553605769230769 0.17026442307692308 0.07617788461538474 0.07093749999999997
11 0.7515144230769231 0.17790865384615387 0.06072115384615383 0.05593750000000002
13 0.8338461538461538 0.17108173076923078 0.046802884615384684 0.0708653846153846
14 0.9099038461538461 0.17836538461538462 0.05125000000000012 0.05798076923076924
22 0.10103365384615384 0.3024759615384615 0.08790865384615383 0.05723557692307693
24 0.20545673076923077 0.2949519230769231 0.07093749999999997 0.07310096153846153
15 0.28884615384615386 0.2930528846153846 0.043701923076923097 0.07442307692307687
16 0.36338942307692307 0.30843750000000003 0.05026442307692314 0.06913461538461536
17 0.4403846153846154 0.2937019230769231 0.046322115384615344 0.0705769230769231
18 0.5171875 0.3010817307692308 0.05223557692307697 0.05617788461538463
19 0.5997115384615385 0.3018990384615385 0.05588942307692308 0.05627403846153852
20 0.6795673076923077 0.30793269230769227 0.047331730769230904 0.07156249999999996
21 0.7741826923076923 0.3017788461538462 0.08204326923076923 0.05757211538461536
25 0.8807932692307693 0.29526442307692313 0.07548076923076917 0.07199519230769227
0 0.08951923076923077 0.45788461538461533 0.06401442307692307 0.1001923076923077
28 0.19033653846153847 0.4331971153846154 0.06473557692307694 0.09889423076923073
29 0.2930528846153846 0.43490384615384614 0.0641346153846154 0.09367788461538454
30 0.4050961538461539 0.4452884615384616 0.0804567307692307 0.07670673076923083
31 0.5130528846153847 0.43598557692307693 0.06283653846153843 0.09353365384615377
2 0.6123557692307693 0.4358413461538462 0.06163461538461535 0.0938461538461539
3 0.7213221153846153 0.4458653846153846 0.07963942307692307 0.07615384615384617
1 0.84375 0.45740384615384616 0.090673076923077 0.10266826923076919
26 0.08651442307692309 0.6228846153846154 0.062403846153846136 0.10050480769230756
27 0.18596153846153846 0.6190625 0.06286057692307694 0.0928605769230769
4 0.2909615384615385 0.6103124999999999 0.06509615384615387 0.07706730769230756
5 0.40004807692307687 0.6101682692307693 0.07550480769230775 0.07336538461538457
6 0.5113461538461539 0.6000721153846154 0.06975961538461534 0.09711538461538456
7 0.6169711538461539 0.6010096153846154 0.0663461538461539 0.09451923076923076
8 0.7169711538461538 0.6215865384615384 0.05516826923076934 0.09961538461538447
9 0.8084375 0.6015865384615384 0.06579326923076924 0.09396634615384623
18 0.9127403846153845 0.6096394230769231 0.06896634615384628 0.07403846153846143
12 0.21697115384615387 0.7862259615384615 0.09567307692307689 0.09923076923076916
22 0.3596394230769231 0.7750961538461538 0.11831730769230776 0.07526442307692295
10 0.505 0.7654567307692308 0.10168269230769234 0.09550480769230774
23 0.6414182692307692 0.7869951923076923 0.09639423076923083 0.09906250000000008
20 0.7580048076923076 0.7844711538461537 0.06168269230769223 0.09403846153846154
21 0.8834855769230768 0.7743749999999999 0.11004807692307686 0.0755528846153845
19 0.09396634615384616 0.7751442307692307 0.07290865384615385 0.07533653846153854
14 0.09045673076923078 0.9380048076923077 0.06759615384615386 0.07656250000000006
15 0.19072115384615385 0.9277163461538461 0.05692307692307694 0.09721153846153832
16 0.289375 0.9466586538461539 0.06536057692307692 0.09213942307692317
17 0.3923798076923077 0.9285336538461538 0.06019230769230774 0.09538461538461526
24 0.5056971153846154 0.9281730769230769 0.08935096153846157 0.09295673076923067
25 0.6392548076923077 0.9287500000000001 0.09891826923076917 0.09237980769230757
11 0.7647115384615385 0.9381009615384616 0.07855769230769219 0.07502403846153854
13 0.8735096153846154 0.9283413461538461 0.06293269230769219 0.09499999999999996