5 0.05310096153846154 0.19088942307692308 0.0409375 0.04007211538461542
6 0.11199519230769231 0.1836057692307692 0.038557692307692286 0.05382211538461535
7 0.1658894230769231 0.1847355769230769 0.036442307692307684 0.05182692307692308
8 0.2195673076923077 0.19627403846153849 0.03048076923076925 0.054278846153846115
9 0.26774038461538463 0.18521634615384613 0.037548076923076934 0.05266826923076922
10 0.3336778846153846 0.1838701923076923 0.05610576923076917 0.053509615384615364
11 0.40115384615384614 0.18927884615384613 0.04336538461538467 0.040288461538461516
23 0.4696634615384615 0.1971153846153846 0.05502403846153843 0.054807692307692335
26 0.5326923076923077 0.19567307692307695 0.03341346153846148 0.054903846153846164
27 0.5861778846153846 0.19439903846153847 0.03567307692307686 0.051442307692307704
28 0.6402644230769231 0.18266826923076923 0.035673076923077 0.054567307692307665
29 0.6939663461538461 0.1846875 0.036634615384615404 0.05211538461538463
30 0.7542788461538461 0.19040865384615382 0.044831730769230714 0.0425721153846154
31 0.8117307692307693 0.185 0.0352163461538461 0.05237980769230767
2 0.8651923076923077 0.18492788461538462 0.0339423076923077 0.05218750000000002
3 0.9215625000000001 0.19052884615384616 0.04576923076923068 0.04278846153846157
1 0.058798076923076925 0.2871394230769231 0.054086538461538464 0.05742788461538465
12 0.13028846153846155 0.28624999999999995 0.0568028846153846 0.0573798076923077
24 0.20228365384615385 0.27579326923076924 0.054278846153846115 0.0536298076923077
25 0.2734855769230769 0.27560096153846153 0.055913461538461516 0.05326923076923076
4 0.3384615384615385 0.2806730769230769 0.03649038461538463 0.0445192307692308
17 0.3922596153846154 0.27557692307692305 0.03418269230769237 0.05322115384615388
18 0.44658653846153845 0.2804567307692308 0.038076923076923015 0.04237980769230768
19 0.5052163461538461 0.28079326923076925 0.042019230769230816 0.04185096153846153
20 0.5638701923076923 0.2857451923076923 0.03740384615384616 0.0546875
21 0.6304807692307691 0.28060096153846154 0.0625 0.04264423076923079
22 0.7123317307692307 0.28110576923076924 0.06649038461538453 0.04194711538461536
13 0.78125 0.2754326923076923 0.03608173076923075 0.05290865384615383
14 0.8345673076923077 0.2804326923076923 0.03795673076923068 0.0423317307692308
15 0.8893269230769231 0.27375 0.032427884615384636 0.054711538461538436
16 0.9406730769230769 0.2857932692307692 0.03723557692307695 0.05302884615384616
0 0.05043269230769231 0.38185096153846154 0.03560096153846155 0.05627403846153852
31 0.10524038461538462 0.3675240384615384 0.0370673076923077 0.0585336538461539
2 0.1619951923076923 0.3682451923076923 0.03723557692307695 0.05824519230769235
3 0.22468749999999998 0.3729807692307692 0.049302884615384596 0.047139423076923107
4 0.2880048076923077 0.3734615384615385 0.040288461538461516 0.0463942307692308
5 0.3499038461538462 0.3732932692307692 0.047331730769230765 0.04600961538461535
6 0.41420673076923076 0.3669951923076923 0.04372596153846153 0.060937500000000054
7 0.47466346153846156 0.36778846153846156 0.04100961538461539 0.05850961538461533
8 0.5307692307692308 0.38098557692307694 0.033052884615384616 0.05968749999999996
12 0.5944711538461539 0.38139423076923074 0.06259615384615376 0.06221153846153845
23 0.6746634615384616 0.38009615384615386 0.06153846153846159 0.061370192307692244
26 0.7432692307692308 0.38120192307692313 0.035673076923077 0.06014423076923073
27 0.8013461538461539 0.37887019230769237 0.038461538461538464 0.05721153846153849
28 0.8593509615384616 0.3660576923076923 0.03944711538461531 0.060072115384615404
29 0.9180048076923076 0.36747596153846157 0.039999999999999966 0.056730769230769286
30 0.05675480769230769 0.4707692307692308 0.0503846153846154 0.0452403846153846
13 0.11925480769230769 0.46487980769230763 0.03932692307692308 0.055769230769230745
14 0.17915865384615384 0.47067307692307697 0.0406971153846154 0.045072115384615384
1 0.2472355769230769 0.4782692307692308 0.05834134615384618 0.061947115384615344
24 0.32437499999999997 0.46497596153846155 0.05634615384615384 0.05766826923076925
25 0.40141826923076923 0.4642788461538461 0.06105769230769225 0.05802884615384612
15 0.46829326923076925 0.46384615384615385 0.03516826923076922 0.06057692307692305
16 0.5255048076923077 0.47651442307692304 0.039663461538461536 0.05848557692307688
17 0.5850240384615385 0.4650480769230769 0.03680288461538462 0.057860576923076903
18 0.6432692307692308 0.47096153846153843 0.04098557692307681 0.04562500000000004
19 0.7083173076923077 0.4704086538461538 0.045889423076923154 0.046225961538461584
20 0.7702884615384615 0.47641826923076924 0.03944711538461531 0.05824519230769235
21 0.8425961538461538 0.47105769230769234 0.06600961538461547 0.047524038461538416
22 0.9308413461538462 0.4707932692307692 0.07194711538461526 0.04701923076923077
9 0.05274038461538462 0.5704567307692308 0.04192307692307694 0.05920673076923076
10 0.12235576923076923 0.5686778846153846 0.06096153846153846 0.05733173076923082
11 0.19692307692307692 0.5748557692307692 0.04701923076923077 0.04567307692307692
0 0.26021634615384615 0.5822596153846153 0.039663461538461536 0.06221153846153845
4 0.3215144230769231 0.5734855769230769 0.04209134615384613 0.04980769230769237
5 0.38800480769230766 0.5743509615384615 0.04798076923076918 0.048052884615384636
6 0.4575480769230769 0.566298076923077 0.0445432692307693 0.06459134615384617
7 0.5207692307692308 0.5677403846153847 0.045649038461538484 0.06062500000000007
12 0.5973076923076923 0.5812980769230769 0.06478365384615382 0.0646153846153846
23 0.6836538461538461 0.5810096153846154 0.06579326923076924 0.06653846153846156
26 0.7588221153846154 0.5813461538461538 0.03757211538461537 0.06379807692307697
27 0.8198798076923077 0.5797596153846154 0.04122596153846148 0.06060096153846149
28 0.8832692307692308 0.5649759615384615 0.04093749999999993 0.0654086538461538
29 0.946298076923077 0.567451923076923 0.04161057692307679 0.06019230769230774
30 0.05889423076923077 0.6775240384615385 0.05216346153846155 0.048389423076923066
24 0.1357451923076923 0.6710336538461538 0.0602884615384615 0.05947115384615387
25 0.2197355769230769 0.6717788461538461 0.06514423076923076 0.060937500000000054
31 0.29276442307692313 0.6720432692307692 0.039519230769230765 0.061466346153846274
2 0.35370192307692305 0.6716826923076924 0.03949519230769232 0.06245192307692312
3 0.42158653846153843 0.6782692307692308 0.05163461538461543 0.04990384615384613
13 0.4899278846153846 0.6713701923076923 0.040624999999999946 0.060120192307692284
14 0.5530769230769231 0.6780048076923078 0.04331730769230765 0.04937499999999991
15 0.6146634615384615 0.6707692307692308 0.03680288461538449 0.06406249999999994
16 0.6753605769230769 0.6837259615384615 0.04235576923076924 0.060793269230769144
17 0.7409375 0.6718990384615384 0.03786057692307692 0.05944711538461543
18 0.8036057692307692 0.6770913461538461 0.04300480769230766 0.04749999999999998
19 0.8729086538461538 0.6775 0.049399038461538355 0.048341346153846186
20 0.9398557692307693 0.6836298076923076 0.04074519230769242 0.06057692307692319
21 0.06749999999999999 0.7832932692307693 0.06973557692307694 0.04701923076923064
8 0.14180288461538462 0.7920192307692309 0.034663461538461546 0.06274038461538467
9 0.19858173076923077 0.7780769230769231 0.04343749999999998 0.060600961538461624
10 0.2751923076923077 0.7772596153846153 0.06447115384615383 0.060697115384615384
11 0.3552403846153846 0.7834375 0.05115384615384622 0.04730769230769219
0 0.42274038461538466 0.791298076923077 0.040192307692307756 0.0664663461538461
1 0.49622596153846155 0.7927644230769231 0.06288461538461544 0.06598557692307704
22 0.5875721153846154 0.7842548076923077 0.07798076923076909 0.04894230769230772