0 0.04262019230769231 0.1582451923076923 0.043173076923076925 0.06807692307692306
30 0.11519230769230769 0.15115384615384614 0.05612980769230768 0.05189903846153847
31 0.18730769230769231 0.14384615384615385 0.042067307692307696 0.0633173076923077
2 0.25213942307692305 0.14435096153846153 0.0415144230769231 0.06235576923076923
3 0.3242067307692308 0.15091346153846155 0.05545673076923075 0.05052884615384618
4 0.39697115384615383 0.1506730769230769 0.044735576923076954 0.0529326923076923
5 0.4682451923076923 0.1515625 0.053076923076923035 0.05072115384615383
6 0.5425721153846154 0.14298076923076922 0.04548076923076927 0.06540865384615382
7 0.6112259615384616 0.14483173076923078 0.04658653846153845 0.0633173076923077
8 0.6741346153846154 0.15884615384615383 0.038173076923076914 0.06862980769230773
9 0.7358653846153846 0.14391826923076925 0.045456730769230694 0.06348557692307691
1 0.8135096153846154 0.15891826923076924 0.06454326923076928 0.0694230769230769
21 0.9070673076923076 0.15108173076923076 0.07735576923076912 0.05375
23 0.05615384615384615 0.27084134615384614 0.06622596153846153 0.0689182692307692
26 0.13471153846153847 0.2709615384615385 0.0410576923076923 0.0671394230769231
27 0.20110576923076923 0.26877403846153847 0.043629807692307704 0.06278846153846154
28 0.26665865384615384 0.2541826923076923 0.04252403846153845 0.06766826923076924
29 0.3331009615384615 0.2567548076923077 0.047187499999999986 0.06478365384615382
10 0.41442307692307695 0.2561778846153846 0.069639423076923 0.06766826923076924
11 0.5002884615384615 0.2619711538461539 0.0530528846153846 0.0511778846153846
22 0.5909134615384615 0.2625480769230769 0.08007211538461553 0.0503605769230769
24 0.6854567307692307 0.25627403846153846 0.06444711538461526 0.06581730769230767
12 0.7737499999999999 0.27052884615384615 0.06711538461538452 0.06831730769230766
13 0.8530288461538462 0.25600961538461536 0.04341346153846141 0.0632932692307692
14 0.9218269230769232 0.2624519230769231 0.044783653846153834 0.05216346153846151
15 0.04091346153846154 0.39276442307692305 0.03776442307692308 0.06838942307692306
16 0.10533653846153847 0.40771634615384617 0.04442307692307693 0.06245192307692312
17 0.17223557692307695 0.39367788461538467 0.0419951923076923 0.06420673076923072
18 0.2402403846153846 0.4000961538461538 0.0458173076923077 0.05298076923076928
19 0.31302884615384613 0.4012980769230769 0.0531490384615385 0.05139423076923076
20 0.38540865384615386 0.4071875 0.04365384615384622 0.06516826923076927
25 0.46521634615384616 0.3939423076923077 0.06903846153846147 0.0667307692307692
26 0.5503846153846154 0.40403846153846157 0.05310096153846148 0.0889423076923077
27 0.6383413461538462 0.40064903846153843 0.056730769230769286 0.08413461538461539
28 0.7264423076923077 0.38064903846153847 0.05665865384615397 0.09021634615384623
29 0.8151201923076923 0.38408653846153845 0.05971153846153854 0.08507211538461536
23 0.9221634615384615 0.4035576923076923 0.0909375000000001 0.09197115384615383
4 0.051875 0.5431009615384615 0.05971153846153847 0.07060096153846154
10 0.16038461538461538 0.5329567307692308 0.0923798076923077 0.0883653846153846
30 0.27372596153846157 0.5420913461538461 0.07067307692307687 0.06855769230769226
31 0.3700240384615385 0.5331971153846153 0.054951923076923107 0.08483173076923081
2 0.4572596153846154 0.5336778846153846 0.055144230769230765 0.08576923076923079
3 0.5534615384615384 0.5430288461538462 0.07175480769230774 0.06843749999999993
0 0.6477644230769232 0.5530288461538462 0.057548076923077056 0.09043269230769233
5 0.7429567307692307 0.5430048076923076 0.06766826923076917 0.06639423076923077
6 0.840673076923077 0.5323798076923076 0.06274038461538467 0.0892067307692308
11 0.9368990384615384 0.5434134615384616 0.07290865384615394 0.0672115384615384
13 0.05076923076923076 0.6833413461538461 0.05548076923076923 0.08463942307692317
14 0.1406730769230769 0.6917788461538461 0.060985576923076934 0.0674278846153845
15 0.22778846153846155 0.6812499999999999 0.05271634615384617 0.08848557692307679
16 0.3153605769230769 0.700673076923077 0.059831730769230734 0.0832451923076923
17 0.40588942307692305 0.6829567307692308 0.0525721153846154 0.08387019230769227
18 0.4958894230769231 0.6920432692307692 0.06031249999999994 0.06716346153846167
19 0.5924038461538461 0.6924278846153846 0.06701923076923076 0.0687740384615385
20 0.6876201923076923 0.7012019230769231 0.05913461538461544 0.08629807692307687
21 0.7993028846153846 0.6917788461538461 0.09819711538461544 0.06745192307692295
22 0.9339663461538461 0.6919951923076924 0.1091105769230769 0.06867788461538474
24 0.06355769230769232 0.8327403846153847 0.08502403846153846 0.08495192307692315
25 0.18290865384615385 0.8335096153846154 0.0913942307692308 0.08447115384615381
7 0.28872596153846153 0.8329567307692307 0.06262019230769234 0.08538461538461534
8 0.3741586538461539 0.8523317307692307 0.0492067307692307 0.09007211538461544
9 0.4556971153846154 0.8332692307692308 0.060456730769230714 0.08600961538461532
1 0.5601442307692308 0.8523557692307692 0.08463942307692303 0.09211538461538474
12 0.6797596153846153 0.8518028846153847 0.09149038461538449 0.09302884615384627