0 0.06689903846153845 0.15259615384615385 0.0856971153846154 0.13694711538461538
1 0.18009615384615385 0.15201923076923077 0.12781249999999997 0.13841346153846154
29 0.2933173076923076 0.1228125 0.08983173076923077 0.1281009615384615
30 0.39718749999999997 0.13483173076923077 0.11062499999999996 0.10137019230769234
31 0.49646634615384616 0.12158653846153845 0.08483173076923081 0.1256490384615385
2 0.5843749999999999 0.12221153846153847 0.08168269230769235 0.12692307692307694
3 0.6827163461538461 0.13447115384615385 0.10742788461538474 0.10331730769230767
4 0.7847355769230769 0.13649038461538462 0.0897836538461539 0.10206730769230771
5 0.07490384615384617 0.35875 0.10437500000000001 0.0978125
6 0.17879807692307692 0.3429086538461539 0.09362980769230766 0.1311778846153846
7 0.27134615384615385 0.3449519230769231 0.0886298076923077 0.12634615384615386
8 0.3579326923076923 0.37495192307692304 0.07483173076923076 0.1356009615384616
9 0.4346634615384615 0.34492788461538465 0.09206730769230773 0.12894230769230766
12 0.5531730769230769 0.37478365384615386 0.13411057692307685 0.13526442307692305
23 0.6942548076923077 0.37401442307692306 0.13581730769230768 0.1363942307692308
26 0.8082451923076923 0.37521634615384614 0.07805288461538468 0.1334615384615384
27 0.06923076923076923 0.5943990384615385 0.08502403846153846 0.12576923076923074
28 0.15870192307692307 0.5642548076923077 0.0823557692307692 0.1349278846153846
22 0.2837980769230769 0.581875 0.15896634615384614 0.1007211538461538
24 0.4292788461538462 0.5683894230769231 0.12673076923076915 0.12718749999999993
10 0.5671634615384615 0.5672596153846153 0.13271634615384625 0.12754807692307693
11 0.6932451923076923 0.5816586538461539 0.10442307692307705 0.10026442307692303
13 0.794014423076923 0.5704086538461538 0.0842788461538463 0.1258413461538462
14 0.06956730769230769 0.8070192307692309 0.09105769230769231 0.09959134615384603
15 0.1585576923076923 0.7921875 0.07403846153846157 0.13137019230769226
16 0.24673076923076923 0.819326923076923 0.08747596153846157 0.12423076923076912
17 0.33711538461538465 0.7935817307692308 0.0812980769230769 0.1261538461538462
18 0.42858173076923073 0.8066346153846153 0.09060096153846153 0.09884615384615386
19 0.5317067307692308 0.806514423076923 0.10189903846153843 0.09591346153846149
20 0.6310817307692307 0.8177403846153847 0.08427884615384602 0.12639423076923087
21 0.754375 0.8067548076923077 0.14925480769230776 0.09877403846153854
25 0.901298076923077 0.7931009615384615 0.13326923076923064 0.12521634615384622