0 0.08447115384615385 0.15423076923076923 0.07281249999999997 0.0946394230769231
27 0.19466346153846154 0.1505048076923077 0.08062499999999997 0.0846394230769231
2 0.30896634615384616 0.12985576923076925 0.07581730769230774 0.08132211538461538
3 0.42644230769230773 0.13913461538461538 0.09379807692307687 0.06447115384615386
8 0.5321874999999999 0.15754807692307693 0.054759615384615316 0.09875000000000003
9 0.6351682692307693 0.13004807692307693 0.07855769230769219 0.08677884615384618
10 0.7698076923076923 0.13310096153846154 0.12766826923076927 0.07608173076923075
16 0.9095913461538461 0.1504326923076923 0.08586538461538468 0.08449519230769233
17 0.08555288461538463 0.3008173076923077 0.0749519230769231 0.0816346153846154
18 0.19862980769230767 0.3109615384615385 0.08855769230769231 0.062235576923076893
11 0.3294951923076923 0.31067307692307694 0.10391826923076927 0.0625961538461539
13 0.4559375 0.30009615384615385 0.07925480769230762 0.0833413461538462
28 0.5672355769230769 0.30036057692307694 0.07677884615384614 0.08584134615384617
29 0.6803365384615384 0.30062500000000003 0.08007211538461526 0.08223557692307687
30 0.8025721153846154 0.31026442307692303 0.09728365384615391 0.0643509615384615
31 0.9232211538461539 0.30175480769230767 0.0806971153846155 0.08233173076923077
14 0.08735576923076924 0.48141826923076925 0.08076923076923076 0.06360576923076919
15 0.19903846153846153 0.46942307692307694 0.07245192307692311 0.08764423076923072
19 0.3028605769230769 0.48165865384615386 0.08343750000000003 0.06406249999999994
20 0.42240384615384613 0.4921875 0.0843028846153846 0.0851442307692308
21 0.5626923076923077 0.4818990384615385 0.13980769230769236 0.06454326923076928
22 0.7363701923076923 0.4926923076923077 0.14625000000000007 0.08612980769230766
24 0.9042548076923077 0.47134615384615386 0.12144230769230765 0.0849759615384616
25 0.11151442307692308 0.6486538461538461 0.12687500000000002 0.10524038461538456
1 0.26384615384615384 0.6639903846153847 0.11031250000000004 0.09437499999999997
4 0.3940144230769231 0.6497115384615384 0.08249999999999999 0.0636538461538462
5 0.5068990384615385 0.6502403846153846 0.0785096153846153 0.06471153846153836
6 0.6209855769230769 0.6372596153846154 0.07718750000000003 0.08764423076923086
7 0.7307211538461539 0.6398798076923077 0.08468750000000004 0.08353365384615384
12 0.8643509615384615 0.665048076923077 0.11593750000000004 0.09430288461538466
23 0.10591346153846154 0.8360096153846153 0.11348557692307694 0.09389423076923063
26 0.23358173076923078 0.8317548076923077 0.0737980769230769 0.08692307692307685