0 0.06536057692307692 0.1748076923076923 0.04257211538461539 0.054134615384615406
2 0.12810096153846154 0.1603125 0.043870192307692304 0.049206730769230766
3 0.1975721153846154 0.1671153846153846 0.054615384615384614 0.038750000000000014
12 0.2760336538461538 0.17478365384615382 0.0673076923076923 0.05610576923076924
23 0.3637740384615385 0.17536057692307694 0.0684615384615385 0.0552644230769231
26 0.4383413461538461 0.17329326923076924 0.04334134615384622 0.05112980769230772
27 0.504014423076923 0.1737019230769231 0.0485096153846154 0.05194711538461535
17 0.5685336538461538 0.16060096153846154 0.04331730769230765 0.04973557692307692
18 0.6354567307692308 0.1669471153846154 0.0529567307692307 0.03838942307692307
19 0.705264423076923 0.16716346153846157 0.050360576923077036 0.038846153846153836
20 0.7744951923076923 0.17298076923076922 0.048581730769230856 0.05048076923076923
21 0.8573557692307693 0.16759615384615384 0.08206730769230766 0.038894230769230785
22 0.08588942307692307 0.2743269230769231 0.08562499999999998 0.05286057692307695
7 0.17076923076923078 0.26252403846153843 0.05108173076923077 0.05127403846153849
8 0.23069711538461538 0.2775480769230769 0.032716346153846186 0.059302884615384584
9 0.2906971153846154 0.26242788461538463 0.04653846153846157 0.05110576923076921
10 0.3697115384615385 0.26485576923076926 0.07235576923076928 0.045937500000000034
28 0.4464423076923077 0.26185096153846155 0.04353365384615388 0.04995192307692308
29 0.5123557692307692 0.2620673076923077 0.047139423076923107 0.050408653846153846
30 0.5852403846153846 0.26774038461538463 0.05670673076923071 0.03968749999999998
31 0.6547115384615385 0.26247596153846153 0.047427884615384656 0.04915865384615382
24 0.7330528846153845 0.2625480769230769 0.0718509615384615 0.050048076923076903
25 0.8243269230769231 0.2679326923076923 0.0741586538461539 0.06211538461538462
4 0.904639423076923 0.2678846153846154 0.04644230769230781 0.037980769230769255
5 0.0686298076923077 0.38829326923076923 0.04713942307692308 0.04040865384615385
6 0.13278846153846155 0.3795192307692308 0.045240384615384634 0.05290865384615383
13 0.1980769230769231 0.38177884615384616 0.04759615384615387 0.051442307692307634
14 0.26540865384615386 0.3882692307692308 0.04802884615384613 0.038365384615384565
15 0.33012019230769235 0.3811298076923077 0.04324519230769233 0.05209134615384619
16 0.3918509615384615 0.3944471153846154 0.04853365384615384 0.04870192307692305
11 0.46610576923076924 0.38846153846153847 0.06081730769230772 0.03872596153846157
1 0.5501201923076923 0.3963942307692308 0.06456730769230773 0.05463942307692312
0 0.6309375 0.39463942307692307 0.053942307692307824 0.0711057692307692
29 0.713798076923077 0.37617788461538465 0.05939903846153855 0.06427884615384617
30 0.8055048076923076 0.3835576923076923 0.0725480769230768 0.05098557692307688
31 0.8969951923076922 0.37598557692307694 0.0592307692307692 0.06187500000000002
2 0.07365384615384615 0.5024038461538461 0.05713942307692307 0.06230769230769235
3 0.16076923076923075 0.5108653846153847 0.0711298076923077 0.04915865384615382
4 0.24956730769230767 0.5104086538461539 0.05846153846153845 0.046274038461538464
5 0.3346153846153846 0.5106009615384616 0.06026442307692306 0.04865384615384617
6 0.4203125 0.500625 0.057355769230769266 0.0667307692307692
7 0.5023317307692308 0.503125 0.063173076923077 0.06372596153846152
8 0.5805048076923077 0.5230528846153846 0.04122596153846148 0.07355769230769237
9 0.6577163461538462 0.5028846153846154 0.05942307692307699 0.06324519230769231
10 0.7589423076923077 0.5052163461538461 0.09367788461538468 0.05699519230769226
11 0.8709855769230769 0.5098317307692308 0.07730769230769223 0.04711538461538467
13 0.07514423076923077 0.6298317307692307 0.058149038461538474 0.06274038461538467
14 0.16007211538461538 0.6382692307692307 0.05973557692307691 0.047572115384615296
15 0.24370192307692307 0.6295913461538463 0.05274038461538461 0.06829326923076916
16 0.3231009615384615 0.6458173076923077 0.06326923076923076 0.06266826923076935
17 0.40949519230769227 0.6311538461538462 0.055769230769230745 0.06197115384615378
28 0.4896394230769231 0.6296153846153847 0.055817307692307756 0.06274038461538467
21 0.596514423076923 0.638173076923077 0.10329326923076916 0.04937499999999991
1 0.7161538461538461 0.6479326923076923 0.08216346153846142 0.0688942307692307
12 0.8283894230769231 0.6484855769230768 0.08826923076923084 0.07201923076923086
23 0.9387740384615384 0.6481730769230769 0.08468750000000004 0.07139423076923088
18 0.07579326923076923 0.7654807692307692 0.06742788461538461 0.047572115384615296
19 0.1660576923076923 0.7645913461538462 0.06165865384615386 0.047812499999999966
26 0.2513942307692308 0.7734615384615384 0.0560817307692308 0.06355769230769244
27 0.3352163461538461 0.7735096153846153 0.061466346153846135 0.06564903846153833
22 0.4453365384615384 0.7730769230769231 0.10745192307692306 0.06278846153846154
24 0.5711778846153847 0.7580048076923076 0.09269230769230756 0.06468749999999993
25 0.6883894230769231 0.7658173076923076 0.0947115384615384 0.08031249999999993
20 0.793125 0.7735336538461539 0.06382211538461527 0.06370192307692307