0 0.09762019230769231 0.1593269230769231 0.0772355769230769 0.10230769230769231
1 0.2351923076923077 0.1590625 0.12074519230769229 0.10177884615384616
12 0.40036057692307697 0.1593269230769231 0.12764423076923082 0.10233173076923076
30 0.5531971153846154 0.143125 0.10550480769230766 0.06774038461538459
31 0.6853846153846154 0.13276442307692307 0.08798076923076928 0.09069711538461539
2 0.8066346153846153 0.13216346153846154 0.08137019230769237 0.09168269230769231
3 0.10810096153846153 0.33331730769230766 0.10038461538461536 0.07223557692307694
4 0.238125 0.33221153846153845 0.08509615384615386 0.06786057692307697
23 0.38182692307692306 0.34891826923076924 0.12557692307692309 0.1034134615384615
26 0.5239663461538462 0.3446394230769231 0.07985576923076916 0.09487980769230776
22 0.6804567307692307 0.34389423076923076 0.1589903846153846 0.09235576923076927
24 0.8645673076923077 0.3202163461538462 0.13605769230769235 0.09192307692307694
25 0.1274278846153846 0.5190865384615384 0.136875 0.11377403846153843
27 0.27990384615384617 0.5333173076923077 0.08997596153846156 0.09418269230769233
7 0.40802884615384616 0.509951923076923 0.09055288461538466 0.09334134615384612
8 0.5238461538461539 0.5390625 0.062091346153846115 0.1078365384615385
9 0.6347836538461539 0.5088701923076923 0.08514423076923067 0.09334134615384612
14 0.7607451923076923 0.5206490384615384 0.08795673076923084 0.06884615384615381
15 0.8814903846153845 0.5080528846153846 0.07593750000000007 0.0960817307692307
16 0.10466346153846154 0.7197596153846154 0.09353365384615384 0.09125000000000008
10 0.25848557692307694 0.7013942307692307 0.1367067307692308 0.08283653846153854
28 0.40528846153846154 0.6955288461538461 0.08067307692307693 0.09300480769230755
29 0.5319711538461539 0.6966826923076923 0.08711538461538464 0.09091346153846167
5 0.6581730769230769 0.7079086538461539 0.08600961538461532 0.06968750000000003
6 0.7836057692307693 0.6938942307692308 0.08338942307692321 0.09757211538461547
11 0.9181490384615384 0.7070192307692308 0.11425480769230763 0.07009615384615377
13 0.10173076923076924 0.8844711538461538 0.08548076923076924 0.09281250000000003
17 0.2244471153846154 0.885576923076923 0.0811298076923077 0.09062500000000011
18 0.3500240384615385 0.8958894230769231 0.09687500000000003 0.06990384615384625
19 0.48334134615384616 0.8957692307692308 0.090360576923077 0.0670432692307692
20 0.6140144230769231 0.9074278846153846 0.09382211538461532 0.09499999999999996
21 0.7690865384615384 0.8953846153846154 0.15269230769230765 0.06872596153846161