0 0.13747596153846153 0.09492788461538462 0.07608173076923078 0.10682692307692307
3 0.28689903846153847 0.08240384615384616 0.10394230769230771 0.07740384615384616
4 0.44420673076923073 0.08192307692307692 0.09076923076923074 0.07860576923076924
5 0.5944471153846154 0.08173076923076923 0.09622596153846161 0.08043269230769233
6 0.7448557692307692 0.0673076923076923 0.08891826923076926 0.10617788461538462
7 0.8947596153846155 0.06752403846153845 0.09588942307692304 0.10882211538461539
8 0.13639423076923077 0.26468749999999996 0.07389423076923075 0.10980769230769233
9 0.26997596153846154 0.23615384615384613 0.09197115384615383 0.10954326923076921
29 0.4251682692307692 0.2353605769230769 0.09704326923076924 0.10798076923076927
30 0.588125 0.2500240384615385 0.11420673076923074 0.08045673076923077
31 0.7469471153846154 0.2352403846153846 0.09310096153846158 0.10771634615384616
12 0.9067548076923077 0.26317307692307695 0.11331730769230766 0.10896634615384618
23 0.15673076923076923 0.43129807692307687 0.11459134615384613 0.10867788461538457
26 0.3075480769230769 0.4328605769230769 0.07752403846153846 0.10959134615384623
10 0.47899038461538457 0.4042788461538462 0.14721153846153848 0.10490384615384613
1 0.6660817307692307 0.4312259615384615 0.11492788461538475 0.1085336538461538
27 0.8243990384615384 0.4338461538461538 0.0863221153846153 0.11156250000000006
28 0.144375 0.5715384615384616 0.0942307692307692 0.10723557692307696
2 0.29362980769230773 0.5715625000000001 0.09120192307692307 0.10728365384615383
15 0.4442548076923077 0.5718509615384615 0.08870192307692303 0.1122596153846155
21 0.6236778846153845 0.5861778846153846 0.15471153846153848 0.07971153846153853
22 0.8382211538461538 0.5923557692307692 0.15545673076923067 0.09206730769230773
24 0.1666826923076923 0.7394711538461538 0.1370673076923077 0.11093749999999994
16 0.33814903846153843 0.7642307692307693 0.09502403846153853 0.10362980769230773
17 0.486875 0.7395913461538461 0.09088942307692308 0.10639423076923074
18 0.6377403846153846 0.7540144230769231 0.09538461538461526 0.07836538461538467
19 0.7915865384615385 0.7534615384615384 0.10372596153846149 0.07992788461538461
20 0.1448076923076923 0.9344951923076923 0.08855769230769231 0.10543269230769234
11 0.2987259615384615 0.9221874999999999 0.10576923076923077 0.07862980769230778
13 0.45459134615384617 0.9064903846153847 0.0940625 0.10846153846153847
14 0.6065865384615385 0.9226201923076923 0.09646634615384614 0.07949519230769243
25 0.7797355769230769 0.9135336538461538 0.13245192307692313 0.12254807692307697