30 0.11338942307692308 0.13997596153846154 0.12579326923076925 0.08644230769230768
31 0.2298076923076923 0.12300480769230769 0.10384615384615382 0.1174278846153846
2 0.335 0.12278846153846154 0.1002884615384616 0.11699519230769227
1 0.4562980769230769 0.15454326923076925 0.1241586538461538 0.11798076923076926
12 0.5857692307692308 0.15502403846153845 0.1234615384615385 0.11894230769230767
3 0.7079086538461539 0.13901442307692308 0.1177644230769231 0.08689903846153847
6 0.8222115384615385 0.12384615384615386 0.0987500000000001 0.11668269230769232
20 0.09882211538461538 0.3384375 0.09908653846153846 0.11557692307692304
21 0.23810096153846153 0.3256730769230769 0.16848557692307692 0.08524038461538457
22 0.4120913461538462 0.33290865384615387 0.1655288461538462 0.0997115384615385
7 0.5489423076923077 0.31173076923076926 0.10730769230769227 0.11983173076923083
8 0.6461057692307691 0.34103365384615386 0.0806971153846155 0.12074519230769235
9 0.7377884615384616 0.31043269230769227 0.1006009615384616 0.11725961538461532
0 0.09221153846153846 0.5240625 0.08103365384615387 0.1190384615384615
23 0.20206730769230768 0.5241586538461539 0.1228846153846154 0.11682692307692313
29 0.3203365384615384 0.49360576923076926 0.10661057692307697 0.11822115384615386
26 0.42100961538461534 0.5251923076923076 0.0847836538461538 0.11891826923076916
27 0.5182932692307692 0.5238461538461539 0.0918990384615385 0.11860576923076917
28 0.6150961538461538 0.49233173076923076 0.10036057692307693 0.11569711538461537
15 0.7193269230769231 0.49141826923076926 0.09596153846153836 0.11862980769230774
16 0.8238701923076923 0.5197596153846153 0.10209134615384621 0.11055288461538464
17 0.10004807692307692 0.6788942307692308 0.10151442307692309 0.11858173076923087
10 0.23754807692307692 0.681514423076923 0.16019230769230766 0.11454326923076917
11 0.3804567307692308 0.6952644230769232 0.1142788461538462 0.08411057692307694
4 0.4912740384615385 0.6947836538461538 0.0979086538461539 0.08550480769230781
5 0.5974519230769231 0.6946153846153845 0.10353365384615383 0.08514423076923067
13 0.7061298076923077 0.6799278846153847 0.10218749999999997 0.11826923076923088
14 0.8154086538461538 0.6952163461538461 0.10197115384615375 0.08637019230769219
18 0.9272115384615385 0.6960096153846155 0.1068028846153845 0.08790865384615397
19 0.10694711538461538 0.8783173076923076 0.11290865384615384 0.08716346153846152
24 0.2413221153846154 0.8636057692307693 0.14608173076923078 0.11783653846153842
25 0.3926682692307692 0.8722115384615384 0.14211538461538462 0.13127403846153848