23 0.06935096153846154 0.1396153846153846 0.06456730769230769 0.0638942307692308
26 0.18 0.13987980769230768 0.045504807692307706 0.06442307692307694
0 0.2826442307692308 0.13879807692307694 0.04295673076923078 0.062259615384615365
1 0.3946153846153846 0.13932692307692307 0.0660817307692308 0.06247596153846153
12 0.5171394230769231 0.13884615384615384 0.06473557692307694 0.06233173076923075
30 0.637764423076923 0.13221153846153846 0.065576923076923 0.045072115384615384
31 0.7542307692307693 0.12406249999999999 0.0541105769230769 0.06286057692307694
2 0.864375 0.12326923076923077 0.052692307692307594 0.06124999999999998
3 0.0688701923076923 0.22884615384615387 0.06247596153846153 0.047091346153846164
4 0.18192307692307694 0.226875 0.053317307692307706 0.04610576923076925
5 0.2929326923076923 0.22853365384615382 0.05699519230769233 0.047427884615384594
6 0.40353365384615386 0.2189182692307692 0.05182692307692308 0.0622596153846154
7 0.5130769230769231 0.21966346153846153 0.054567307692307665 0.06375000000000003
8 0.6194471153846154 0.23680288461538462 0.04298076923076922 0.06394230769230767
9 0.7223076923076923 0.22007211538461538 0.054375000000000014 0.06454326923076922
10 0.848485576923077 0.22076923076923077 0.0863942307692309 0.061129807692307706
21 0.08098557692307692 0.32252403846153843 0.08786057692307692 0.04706730769230765
22 0.22733173076923074 0.32579326923076923 0.0880528846153846 0.053605769230769255
24 0.3636057692307692 0.31377403846153845 0.07725961538461536 0.0636538461538462
11 0.4907451923076923 0.32264423076923077 0.06002403846153839 0.0453365384615385
13 0.6047836538461537 0.3138701923076923 0.05372596153846159 0.06182692307692314
27 0.71375 0.32973557692307687 0.049302884615384596 0.06353365384615386
28 0.8188701923076922 0.3130528846153846 0.05521634615384622 0.06221153846153845
29 0.9312499999999999 0.31375000000000003 0.055624999999999966 0.061610576923076914
14 0.06480769230769232 0.42502403846153847 0.05548076923076923 0.04778846153846153
15 0.17555288461538462 0.41668269230769234 0.05262019230769228 0.06310096153846154
16 0.28468750000000004 0.43180288461538463 0.054567307692307665 0.05944711538461543
17 0.3949278846153846 0.4168990384615385 0.05269230769230773 0.06358173076923074
18 0.5054086538461539 0.4247596153846154 0.0552644230769231 0.04725961538461544
19 0.6192067307692307 0.4246634615384615 0.06052884615384603 0.047043269230769215
20 0.7309134615384616 0.4317307692307692 0.051442307692307634 0.061177884615384585
25 0.8517788461538461 0.42117788461538463 0.07495192307692296 0.07012019230769234
0 0.9682932692307692 0.43185096153846153 0.045552884615384724 0.0654086538461538
30 0.07197115384615385 0.5275961538461538 0.06983173076923078 0.04658653846153845
31 0.1960096153846154 0.5176923076923077 0.05747596153846153 0.0668269230769231
2 0.31483173076923077 0.5191346153846154 0.05675480769230772 0.06572115384615379
8 0.43110576923076926 0.5363461538461538 0.04490384615384617 0.06605769230769235
9 0.5391586538461538 0.5191346153846154 0.05867788461538467 0.06569711538461534
1 0.6648076923076923 0.5344230769230769 0.07064903846153843 0.06625
3 0.7962980769230769 0.5282692307692307 0.06814903846153851 0.04992788461538457
4 0.9194951923076923 0.5274038461538462 0.057211538461538355 0.05021634615384612
5 0.06634615384615385 0.6285096153846154 0.06060096153846152 0.05009615384615392
6 0.1854326923076923 0.6185576923076923 0.05634615384615384 0.06622596153846143
7 0.30341346153846155 0.6190384615384615 0.05995192307692307 0.0651923076923077
12 0.42954326923076924 0.6360336538461537 0.06781249999999996 0.06711538461538452
23 0.5595913461538461 0.6360817307692308 0.06749999999999996 0.067235576923077
26 0.6795192307692308 0.6367788461538461 0.04692307692307688 0.06661057692307701
20 0.7940865384615384 0.6359375 0.05372596153846159 0.0629567307692309
21 0.9320432692307693 0.6287980769230769 0.09324519230769222 0.04865384615384617
22 0.08372596153846154 0.7360096153846154 0.0913221153846154 0.056730769230769286
14 0.21963942307692308 0.7327163461538462 0.05865384615384617 0.052163461538461645
15 0.3395192307692308 0.7228125 0.05401442307692314 0.06641826923076923
16 0.4565384615384615 0.7383653846153847 0.05771634615384613 0.0634615384615384
17 0.5744711538461538 0.7225721153846153 0.05718750000000005 0.06593749999999989
27 0.6920913461538463 0.740048076923077 0.05004807692307704 0.06884615384615381
28 0.8068990384615385 0.7224759615384616 0.05728365384615394 0.06574519230769237
29 0.9266346153846154 0.721875 0.05841346153846143 0.06454326923076928
10 0.08175480769230768 0.825360576923077 0.09141826923076923 0.06317307692307686
11 0.22016826923076924 0.8320192307692308 0.06372596153846152 0.046466346153846254
13 0.3430288461538461 0.82375 0.05704326923076927 0.06598557692307704
18 0.4643509615384615 0.8324759615384616 0.05930288461538465 0.04735576923076934
19 0.5861298076923078 0.8322115384615384 0.0625 0.04682692307692312
24 0.7215384615384616 0.8242067307692308 0.08290865384615387 0.06887019230769226
25 0.8649278846153846 0.8276682692307692 0.08124999999999989 0.07382211538461547