22 0.09473557692307691 0.10197115384615385 0.0812980769230769 0.05007211538461538
24 0.22223557692307694 0.09062500000000001 0.06850961538461539 0.06103365384615385
25 0.34596153846153843 0.09399038461538461 0.07173076923076917 0.06538461538461539
4 0.45831730769230766 0.0975721153846154 0.04882211538461539 0.04367788461538462
5 0.5649038461538461 0.09682692307692307 0.052884615384615384 0.04461538461538462
6 0.6687740384615384 0.09004807692307693 0.047475961538461536 0.05788461538461538
14 0.7741105769230768 0.09838942307692308 0.05175480769230763 0.04451923076923076
1 0.8866586538461539 0.10524038461538462 0.06057692307692319 0.058221153846153846
12 0.08312499999999999 0.19389423076923076 0.06009615384615385 0.059254807692307704
23 0.19682692307692307 0.1940625 0.05913461538461537 0.057596153846153866
26 0.3027163461538462 0.19420673076923078 0.0425480769230769 0.05588942307692308
27 0.4015384615384615 0.19394230769230772 0.045841346153846135 0.05935096153846153
28 0.5011298076923076 0.17875 0.0507211538461539 0.0570432692307692
29 0.6080048076923077 0.17906249999999999 0.05213942307692321 0.0576201923076923
30 0.7204086538461538 0.1873798076923077 0.06259615384615376 0.04221153846153847
31 0.8301442307692307 0.17992788461538461 0.05086538461538454 0.057355769230769266
2 0.07752403846153846 0.2706490384615385 0.05120192307692307 0.056538461538461565
3 0.18528846153846154 0.27826923076923077 0.05810096153846151 0.041730769230769196
9 0.29562499999999997 0.2716105769230769 0.05240384615384618 0.06045673076923078
15 0.40028846153846154 0.2706009615384615 0.04937500000000005 0.05846153846153845
16 0.5029807692307693 0.28447115384615385 0.05242788461538462 0.05610576923076917
17 0.6063461538461539 0.2696153846153846 0.04884615384615397 0.056490384615384616
18 0.7107692307692308 0.2779086538461538 0.05134615384615388 0.04298076923076922
19 0.8187740384615385 0.27798076923076925 0.05632211538461526 0.043125
0 0.07375 0.37341346153846156 0.04132211538461538 0.05774038461538457
10 0.18906250000000002 0.3610817307692308 0.0776442307692308 0.05709134615384615
11 0.31151442307692306 0.3675240384615384 0.05610576923076917 0.0439663461538462
13 0.42141826923076925 0.35973557692307695 0.049591346153846146 0.0584375
20 0.5248557692307693 0.3732692307692308 0.04812499999999996 0.05742788461538458
21 0.6432211538461539 0.3675240384615384 0.0785096153846153 0.04394230769230763
7 0.7615865384615385 0.35954326923076924 0.05281250000000007 0.05802884615384612
8 0.8625961538461537 0.37483173076923076 0.0384855769230769 0.0585336538461539
0 0.08067307692307693 0.48197115384615385 0.05314903846153846 0.07250000000000006
27 0.20713942307692307 0.48257211538461536 0.057692307692307696 0.07572115384615384
28 0.3359615384615384 0.4641105769230769 0.06295673076923076 0.07209134615384617
29 0.4721394230769231 0.4634134615384615 0.06689903846153843 0.07343750000000003
30 0.6184134615384616 0.4736778846153846 0.0769711538461538 0.055048076923076866
13 0.7585336538461539 0.4632211538461538 0.06475961538461551 0.07307692307692303
14 0.8948557692307693 0.47300480769230774 0.06495192307692303 0.0545913461538461
15 0.08499999999999999 0.5803846153846154 0.061802884615384635 0.075048076923077
16 0.21608173076923076 0.5970432692307692 0.0635576923076923 0.07228365384615397
31 0.35144230769230766 0.5808173076923077 0.06389423076923073 0.07387019230769235
2 0.48538461538461536 0.5812259615384614 0.06418269230769227 0.07269230769230771
3 0.62375 0.5904086538461539 0.07360576923076924 0.054999999999999986
4 0.7624278846153847 0.5907932692307692 0.06451923076923084 0.05778846153846159
5 0.8978125 0.5899278846153846 0.06687500000000011 0.056057692307692294
23 0.09209134615384616 0.713125 0.0760096153846154 0.07411057692307702
26 0.22810096153846154 0.7138221153846154 0.05358173076923075 0.07545673076923073
10 0.37483173076923076 0.6961298076923076 0.10062500000000003 0.07213942307692306
11 0.5328125 0.7042307692307692 0.07204326923076916 0.054278846153846254
17 0.673125 0.6946394230769232 0.062187500000000014 0.07317307692307705
6 0.8053846153846155 0.6944471153846153 0.061081730769230694 0.07276442307692303
7 0.9409375 0.6949519230769231 0.06697115384615387 0.07382211538461547
21 0.10391826923076922 0.8226923076923077 0.0996875 0.05685096153846148
22 0.27766826923076926 0.8254567307692308 0.10459134615384613 0.0643509615384615
24 0.4419471153846154 0.8117788461538461 0.08985576923076923 0.07706730769230784
8 0.5814423076923076 0.8302403846153846 0.05110576923076921 0.0739663461538461
9 0.7071153846153847 0.8124278846153847 0.06605769230769235 0.07437500000000014
1 0.8493028846153846 0.8293990384615384 0.0780048076923078 0.0742788461538461
12 0.09211538461538461 0.9465384615384616 0.07605769230769231 0.07615384615384603
18 0.23221153846153844 0.9376923076923076 0.06579326923076924 0.05646634615384617
19 0.3719951923076923 0.9370913461538461 0.0708894230769231 0.0552644230769231
20 0.5087740384615385 0.9453365384615384 0.062043269230769235 0.07175480769230774
25 0.6565865384615385 0.9326682692307693 0.09122596153846164 0.08257211538461544