0 0.0575 0.2179326923076923 0.05427884615384615 0.0803365384615385
28 0.1922355769230769 0.19899038461538462 0.07069711538461537 0.0778846153846154
29 0.3351442307692307 0.19879807692307694 0.07312500000000004 0.08002403846153844
30 0.4863221153846154 0.20956730769230772 0.0819711538461539 0.05855769230769234
31 0.6339663461538462 0.19879807692307694 0.06855769230769226 0.07747596153846151
2 0.775264423076923 0.20016826923076922 0.06771634615384606 0.07680288461538459
3 0.9201682692307693 0.2099278846153846 0.07862980769230778 0.059254807692307704
4 0.061875 0.33074519230769234 0.06555288461538462 0.05800480769230768
1 0.20896634615384618 0.3394471153846154 0.0813942307692308 0.07680288461538459
12 0.3647355769230769 0.3408894230769231 0.08168269230769235 0.07826923076923077
5 0.5135576923076923 0.33033653846153843 0.07064903846153843 0.0597115384615384
6 0.6559615384615385 0.31963942307692306 0.06697115384615387 0.07882211538461543
7 0.7968028846153847 0.3207211538461538 0.07033653846153844 0.07846153846153843
8 0.9331009615384616 0.34103365384615386 0.053942307692307824 0.08110576923076926
9 0.06353365384615385 0.4428605769230769 0.07139423076923078 0.07980769230769227
10 0.22478365384615387 0.44257211538461544 0.10545673076923077 0.07668269230769226
11 0.39050480769230766 0.45360576923076923 0.07759615384615379 0.056057692307692294
13 0.5375240384615385 0.4428605769230769 0.06795673076923073 0.07725961538461536
24 0.6908653846153846 0.4422115384615385 0.08872596153846146 0.07848557692307687
25 0.8577884615384614 0.44625 0.09615384615384616 0.08658653846153842
23 0.06971153846153846 0.5834375 0.08120192307692307 0.0800721153846154
26 0.21250000000000002 0.5836778846153846 0.05560096153846153 0.08057692307692303
27 0.3443269230769231 0.5852884615384615 0.0636538461538462 0.08019230769230773
18 0.4818990384615385 0.5737740384615384 0.06805288461538463 0.056538461538461496
19 0.6265384615384615 0.5745913461538461 0.07646634615384602 0.05872596153846155
20 0.7704807692307691 0.5830528846153846 0.06574519230769237 0.07379807692307704
21 0.08252403846153845 0.6964663461538462 0.10685096153846155 0.058173076923077036
22 0.2648076923076923 0.7001923076923077 0.1156490384615385 0.06814903846153851
14 0.4257932692307692 0.6956490384615385 0.06971153846153846 0.061610576923076914
15 0.5688942307692307 0.6849038461538461 0.0649278846153846 0.08060096153846147
16 0.7085576923076923 0.7029567307692308 0.065889423076923 0.07367788461538456
17 0.8493028846153846 0.6851201923076923 0.06399038461538463 0.07848557692307687