23 0.16939903846153845 0.16151442307692307 0.12028846153846152 0.11651442307692307
26 0.27749999999999997 0.16249999999999998 0.08298076923076919 0.11850961538461541
27 0.3673798076923077 0.16334134615384616 0.09228365384615381 0.1157932692307692
14 0.4675480769230769 0.14747596153846154 0.10031250000000004 0.08625000000000002
15 0.5750721153846153 0.1325 0.09461538461538464 0.11747596153846152
6 0.6770432692307692 0.1323798076923077 0.09752403846153858 0.11286057692307692
7 0.783076923076923 0.13274038461538462 0.10199519230769219 0.1136057692307692
16 0.15954326923076925 0.34225961538461536 0.10057692307692309 0.11086538461538463
17 0.26302884615384614 0.31512019230769234 0.09776442307692304 0.11471153846153839
28 0.3653125 0.3163942307692308 0.09906249999999996 0.11377403846153843
12 0.4807692307692308 0.3453125 0.1180288461538462 0.11478365384615384
29 0.5977403846153846 0.31562500000000004 0.10237980769230763 0.11658653846153846
30 0.7169951923076923 0.3306971153846154 0.12062499999999989 0.08336538461538463
31 0.8321153846153847 0.3167067307692308 0.0995673076923076 0.11439903846153854
2 0.15954326923076925 0.4983173076923077 0.09836538461538466 0.11358173076923077
0 0.25149038461538464 0.5274278846153846 0.08557692307692306 0.116514423076923
1 0.36048076923076927 0.5273076923076924 0.12000000000000004 0.11382211538461544
4 0.47528846153846155 0.5131009615384615 0.09831730769230763 0.08762019230769227
5 0.5812259615384615 0.5114423076923077 0.10475961538461534 0.08427884615384616
8 0.6777403846153847 0.5280528846153846 0.07706730769230784 0.11531249999999993
9 0.7674278846153846 0.49817307692307694 0.10348557692307682 0.11454326923076917
10 0.1893028846153846 0.6828846153846153 0.15786057692307695 0.11247596153846146
22 0.3579807692307692 0.7032932692307692 0.1674278846153847 0.09865384615384606
24 0.5083894230769231 0.6817067307692307 0.1360817307692308 0.11670673076923066
11 0.6384375 0.6967067307692307 0.1120673076923077 0.08396634615384603
13 0.7499038461538461 0.6805528846153847 0.09903846153846164 0.11435096153846167
18 0.8561298076923076 0.6952163461538461 0.10384615384615395 0.08687499999999997
19 0.1647596153846154 0.8761057692307692 0.1110096153846154 0.08588942307692313
3 0.2835096153846154 0.8774759615384615 0.11463942307692307 0.08427884615384602
20 0.39439903846153845 0.8901923076923077 0.09603365384615382 0.11187499999999992
21 0.5273317307692308 0.8783894230769231 0.15649038461538467 0.08391826923076916
25 0.6835817307692308 0.8684855769230769 0.14341346153846146 0.12749999999999992