6 0.05915865384615385 0.1347596153846154 0.08288461538461536 0.09745192307692306
7 0.22983173076923077 0.13415865384615386 0.0902403846153846 0.0986298076923077
23 0.41802884615384617 0.1594951923076923 0.10492788461538456 0.0988701923076923
26 0.5924038461538461 0.1583173076923077 0.07141826923076931 0.1015625
27 0.7632211538461539 0.15992788461538462 0.07653846153846161 0.09973557692307694
28 0.9310817307692307 0.13358173076923077 0.08331730769230762 0.09764423076923075
29 0.06379807692307692 0.2854567307692308 0.08711538461538461 0.09774038461538453
30 0.2498317307692308 0.29903846153846153 0.10240384615384614 0.0742788461538461
31 0.43737980769230766 0.28562499999999996 0.08528846153846158 0.09810096153846154
2 0.6097355769230769 0.28531249999999997 0.08331730769230775 0.09997596153846161
3 0.7879567307692308 0.2993509615384615 0.098173076923077 0.07492788461538466
24 0.07692307692307693 0.4363461538461539 0.11586538461538462 0.10093750000000003
25 0.28473557692307694 0.4432692307692308 0.11399038461538459 0.10971153846153843
8 0.46170673076923074 0.46211538461538465 0.06817307692307696 0.10185096153846154
9 0.6224999999999999 0.43641826923076926 0.08610576923076935 0.09853365384615387
4 0.7997836538461538 0.4485817307692308 0.08387019230769227 0.07480769230769233
0 0.05252403846153846 0.6132451923076924 0.07216346153846152 0.09795673076923077
1 0.22930288461538462 0.6121874999999999 0.10605769230769233 0.09795673076923077
12 0.42204326923076924 0.6132932692307692 0.10622596153846153 0.09802884615384609
5 0.6072596153846154 0.6008894230769231 0.08848557692307679 0.07324519230769223
11 0.7892307692307692 0.6016586538461538 0.09569711538461553 0.0722596153846154
14 0.06139423076923077 0.7525961538461539 0.08735576923076924 0.0730048076923077
15 0.2374278846153846 0.7402644230769231 0.08264423076923076 0.09894230769230762
16 0.40891826923076924 0.7619711538461539 0.08401442307692306 0.09430288461538466
17 0.5850240384615385 0.7403846153846154 0.08449519230769226 0.09920673076923073
18 0.7591586538461539 0.7525721153846153 0.08867788461538459 0.07045673076923063
19 0.9416586538461539 0.751610576923077 0.09435096153846154 0.07355769230769237
20 0.058509615384615396 0.9146875 0.08413461538461539 0.0960576923076924
21 0.255 0.9053365384615385 0.1393269230769231 0.07483173076923076
22 0.48112980769230773 0.9101201923076924 0.1323317307692308 0.08442307692307693
10 0.7024759615384616 0.8949038461538461 0.13725961538461545 0.09627403846153836
13 0.9048798076923077 0.8915384615384615 0.08406250000000007 0.09786057692307701