0 0.08459134615384614 0.09838942307692308 0.03973557692307693 0.05807692307692307
27 0.1826201923076923 0.09915865384615384 0.045360576923076934 0.05778846153846152
28 0.2794951923076923 0.08358173076923078 0.05048076923076923 0.056201923076923066
29 0.38625000000000004 0.084375 0.051442307692307634 0.055961538461538465
30 0.4960096153846154 0.09163461538461538 0.061947115384615344 0.04326923076923077
4 0.6044711538461538 0.09117788461538462 0.0495673076923077 0.04365384615384615
5 0.708076923076923 0.09209134615384616 0.053365384615384724 0.04331730769230768
6 0.8119711538461538 0.08430288461538461 0.04850961538461526 0.059495192307692304
7 0.9124038461538462 0.08463942307692308 0.0496874999999999 0.0583173076923077
8 0.08430288461538461 0.18533653846153844 0.040985576923076916 0.0581730769230769
23 0.18326923076923077 0.18562499999999998 0.0595673076923077 0.0568990384615385
26 0.28625 0.18625 0.04180288461538465 0.0581730769230769
24 0.3939423076923077 0.17189903846153848 0.0685817307692307 0.05716346153846154
9 0.5061057692307692 0.17298076923076922 0.04894230769230772 0.05612980769230768
10 0.6232932692307693 0.17302884615384617 0.07798076923076909 0.055432692307692315
11 0.7431009615384615 0.1784375 0.05685096153846148 0.041249999999999995
16 0.8485817307692307 0.18480769230769228 0.049591346153846146 0.0552644230769231
17 0.9502403846153846 0.17132211538461536 0.04951923076923082 0.056057692307692294
1 0.09574519230769231 0.27471153846153845 0.06206730769230768 0.05766826923076925
12 0.208125 0.27584134615384615 0.0612019230769231 0.056298076923076965
18 0.31262019230769234 0.2684134615384615 0.05387019230769237 0.04427884615384619
19 0.4186057692307692 0.26771634615384615 0.056826923076923046 0.04358173076923076
13 0.5240625 0.26153846153846155 0.049591346153846146 0.05709134615384615
25 0.6364423076923077 0.26447115384615383 0.06725961538461543 0.06483173076923077
14 0.7458894230769231 0.26875 0.05132211538461544 0.04379807692307692
15 0.8495432692307693 0.26213942307692306 0.0489903846153846 0.05831730769230767
20 0.9485336538461537 0.27442307692307694 0.04793269230769244 0.05697115384615382
21 0.10454326923076923 0.37682692307692306 0.08151442307692307 0.0436057692307692
22 0.23685096153846155 0.3793028846153846 0.0798317307692308 0.05038461538461533
31 0.3509375 0.36896634615384616 0.05098557692307688 0.059326923076923097
2 0.45125 0.3686298076923077 0.050048076923076903 0.0586538461538461
3 0.5571875 0.3762259615384615 0.05668269230769227 0.04425480769230775
0 0.6634134615384616 0.3783173076923077 0.05276442307692319 0.07432692307692311
26 0.7843028846153846 0.3795192307692308 0.05420673076923066 0.0730048076923077
27 0.9117307692307691 0.3795432692307692 0.05942307692307699 0.07420673076923077
28 0.09634615384615385 0.4754326923076923 0.06326923076923076 0.07317307692307692
29 0.2317548076923077 0.4749278846153846 0.06781250000000003 0.07336538461538457
30 0.3734375 0.4852163461538461 0.07747596153846158 0.05512019230769232
31 0.5124519230769231 0.47531249999999997 0.06336538461538464 0.0741586538461539
2 0.6408173076923076 0.47617788461538463 0.0636538461538462 0.07401442307692313
3 0.7764182692307693 0.48459134615384614 0.07355769230769237 0.055721153846153865
4 0.911298076923077 0.4845673076923077 0.060408653846153834 0.055673076923076985
5 0.09884615384615383 0.5985576923076923 0.06639423076923077 0.056201923076923066
9 0.23286057692307693 0.5894711538461539 0.06259615384615383 0.0750240384615384
10 0.3842548076923077 0.591298076923077 0.10096153846153846 0.0712740384615384
11 0.5367788461538462 0.5989423076923077 0.07132211538461543 0.05329326923076927
13 0.6739663461538462 0.5891346153846154 0.06466346153846149 0.07432692307692311
14 0.8066586538461539 0.5987740384615384 0.06560096153846146 0.054807692307692335
15 0.9380769230769231 0.5898557692307692 0.06216346153846157 0.07394230769230767
16 0.09687499999999999 0.7176442307692308 0.06432692307692309 0.0693509615384616
17 0.22790865384615386 0.701298076923077 0.06197115384615385 0.07310096153846146
18 0.35759615384615384 0.7117067307692307 0.06798076923076916 0.053317307692307574
19 0.4949519230769231 0.7109375 0.0708894230769231 0.05324519230769225
20 0.6301682692307692 0.7194951923076923 0.06211538461538469 0.07247596153846149
8 0.7500480769230768 0.7205048076923077 0.05038461538461547 0.07449519230769233
1 0.8783653846153846 0.7187980769230768 0.07959134615384619 0.07293269230769238
12 0.10331730769230768 0.833125 0.07718749999999999 0.0760096153846154
23 0.2448076923076923 0.8338701923076923 0.07725961538461536 0.07379807692307704
21 0.40252403846153845 0.8246153846153846 0.10423076923076927 0.05531249999999998
22 0.5719230769230769 0.8295673076923078 0.10093750000000003 0.06336538461538464
24 0.7338701923076923 0.8162259615384616 0.08829326923076927 0.07548076923076917
25 0.8889423076923078 0.8195432692307693 0.0859375 0.08213942307692298
6 0.09555288461538461 0.9296634615384616 0.06382211538461538 0.07492788461538452
7 0.22447115384615385 0.9290625 0.06617788461538462 0.073701923076923