23 0.17014423076923077 0.15862980769230767 0.12269230769230767 0.11733173076923077
26 0.2761778846153846 0.15884615384615383 0.08425480769230766 0.11778846153846154
27 0.37009615384615385 0.1601201923076923 0.09240384615384614 0.11812500000000004
28 0.46632211538461543 0.12985576923076925 0.09872596153846153 0.11497596153846154
29 0.5761538461538461 0.12865384615384617 0.10475961538461548 0.11562500000000002
30 0.6959855769230768 0.14322115384615383 0.12427884615384627 0.08656249999999997
31 0.8125721153846153 0.12841346153846153 0.10185096153846154 0.11512019230769234
3 0.16564903846153844 0.32735576923076926 0.11545673076923077 0.0853605769230769
4 0.2767788461538462 0.32701923076923073 0.09807692307692303 0.08721153846153853
0 0.3703605769230769 0.3420192307692308 0.08447115384615381 0.11471153846153839
2 0.46625 0.31204326923076925 0.09745192307692313 0.1154567307692307
12 0.5822355769230769 0.3426201923076923 0.12197115384615387 0.11846153846153853
5 0.6965384615384616 0.32687499999999997 0.10512019230769235 0.08949519230769235
6 0.8015144230769231 0.31254807692307696 0.09747596153846143 0.11646634615384613
1 0.1710576923076923 0.5230048076923077 0.1245192307692308 0.11737980769230766
7 0.2864903846153846 0.49485576923076924 0.10485576923076924 0.1167067307692308
8 0.3820192307692307 0.5235096153846154 0.07829326923076921 0.11836538461538464
9 0.46944711538461537 0.49399038461538464 0.10036057692307693 0.11752403846153843
10 0.6020192307692308 0.4960096153846154 0.16086538461538452 0.11653846153846158
13 0.7404567307692307 0.4938461538461538 0.09935096153846164 0.11723557692307687
14 0.8473798076923077 0.5086057692307693 0.10317307692307683 0.08858173076923083
15 0.15653846153846154 0.6771634615384615 0.0979807692307692 0.11951923076923084
11 0.2626442307692308 0.6928365384615385 0.11283653846153846 0.08759615384615398
21 0.40560096153846154 0.6920673076923076 0.16593750000000007 0.0860576923076922
22 0.5716105769230769 0.7001682692307691 0.16382211538461547 0.10228365384615373
16 0.7029567307692308 0.7045913461538462 0.10204326923076934 0.11112980769230774
17 0.8058413461538462 0.6771874999999999 0.10103365384615379 0.11701923076923065
18 0.15896634615384614 0.8733413461538462 0.10793269230769233 0.08675480769230777
19 0.27129807692307695 0.8728125 0.11290865384615384 0.08572115384615377
20 0.38134615384615383 0.8872355769230769 0.09721153846153846 0.11454326923076917
24 0.49978365384615386 0.8588942307692308 0.1414182692307692 0.1186057692307693
25 0.6418509615384616 0.8659855769230769 0.1349278846153846 0.1302403846153845